{
  "task": "B2",
  "description": "Unified QUBO (cost_model=real)",
  "parameters": {
    "lambda": 2.0,
    "mu": 5.0,
    "budget_B": 2.6840435761596755
  },
  "n_sites": 20,
  "site_ids": [
    "GA_001",
    "GA_002",
    "GA_003",
    "GA_004",
    "GA_005",
    "GA_006",
    "GA_007",
    "GA_008",
    "GA_009",
    "GA_010",
    "GA_011",
    "GA_012",
    "GA_013",
    "GA_014",
    "GA_015",
    "GA_016",
    "GA_017",
    "GA_018",
    "GA_019",
    "GA_020"
  ],
  "Q_matrix": [
    [
      -0.8263397236454919,
      1.2371206587313293,
      1.5695841445163228,
      0.8257778841954877,
      1.1245352944219345,
      0.85172222846804,
      0.8704816769018955,
      1.1618341695548433,
      1.2702341662479772,
      1.0833451952909596,
      0.8723702664478465,
      0.9245281088599304,
      0.9397357152632381,
      0.8322199762992768,
      0.8841138585291727,
      0.7401640527157626,
      0.7764878057440777,
      1.545707335640815,
      0.8589314719341435,
      0.8090820552427882
    ],
    [
      1.2371206587313293,
      -0.6015867267484722,
      1.4809424894524015,
      0.7662140401059359,
      1.038731844055635,
      0.779921194004025,
      0.8119743062328569,
      1.0789752150689964,
      1.1742433159273808,
      1.0004826419047912,
      0.8052746497737411,
      0.8539048707038878,
      0.8680210832718259,
      0.7685464474896349,
      0.816343240770899,
      0.6833874785206423,
      0.716942634026113,
      1.4271689135225363,
      0.7930621557218384,
      0.7470294464012269
    ],
    [
      1.5695841445163228,
      1.4809424894524015,
      -1.9615029422737758,
      1.0284123687542743,
      1.3569124246047137,
      1.0076453217223507,
      1.0455512856220353,
      1.4110581799834188,
      1.535499951075742,
      1.3048326275548403,
      1.048651843167054,
      1.1120378130246333,
      1.1309955880688358,
      1.0016002453978043,
      1.0637262399925331,
      0.8903375430979216,
      0.9340599442576618,
      1.8594117599760156,
      1.033266643883414,
      0.9732893862322253
    ],
    [
      0.8257778841954877,
      0.7662140401059359,
      1.0284123687542743,
      -4.373375479302564,
      0.7488093829649689,
      0.5306242810386737,
      0.5487956872008591,
      0.7435830096403221,
      0.8208891094612527,
      0.6948469449579673,
      0.5528075921027827,
      0.5861964130516109,
      0.596409176390546,
      0.5285654806074179,
      0.5612566193883672,
      0.46939657648048955,
      0.4924495160449775,
      0.9803206161093774,
      0.5447781516322919,
      0.5131567440809572
    ],
    [
      1.1245352944219345,
      1.038731844055635,
      1.3569124246047137,
      0.7488093829649689,
      -0.32040545908861606,
      0.7226779339257919,
      0.745735308611056,
      1.004212756280908,
      1.1052338626965774,
      0.9515925457469449,
      0.7531684707053925,
      0.7984927669747931,
      0.8120885847345581,
      0.719660850858978,
      0.7647849820917397,
      0.6395693975994806,
      0.6709699136935892,
      1.3357058537420585,
      0.7422623335820657,
      0.6991980733167407
    ],
    [
      0.85172222846804,
      0.779921194004025,
      1.0076453217223507,
      0.5306242810386737,
      0.7226779339257919,
      -4.236732349086251,
      0.5902754184108914,
      0.7498609840661373,
      0.8166562284371145,
      0.6962467993426842,
      0.5755793666126324,
      0.601624387163696,
      0.605484846741948,
      0.5350605182272595,
      0.5682049564434984,
      0.47643534978433383,
      0.49953981698161243,
      0.9935399964076019,
      0.5520371359136551,
      0.5199633199756851
    ],
    [
      0.8704816769018955,
      0.8119743062328569,
      1.0455512856220353,
      0.5487956872008591,
      0.745735308611056,
      0.5902754184108914,
      -4.350898627522079,
      0.8050029934569527,
      0.8462179588703866,
      0.7186928463098109,
      0.5856426883468752,
      0.6280158409604621,
      0.6306960518156299,
      0.5533845335152853,
      0.5863857098706469,
      0.49121722791039457,
      0.5155488072654469,
      1.0252691805759682,
      0.569630585268403,
      0.5364307255788692
    ],
    [
      1.1618341695548433,
      1.0789752150689964,
      1.4110581799834188,
      0.7435830096403221,
      1.004212756280908,
      0.7498609840661373,
      0.8050029934569527,
      -0.3051777108824929,
      1.1681279125227764,
      0.9701210316731218,
      0.7787531967095902,
      0.8316100732416003,
      0.8531104715723047,
      0.7497593904375525,
      0.789925569476744,
      0.6600662914408705,
      0.6928062750790438,
      1.378867770503455,
      0.7663332123124142,
      0.7215459595130569
    ],
    [
      1.2702341662479772,
      1.1742433159273808,
      1.535499951075742,
      0.8208891094612527,
      1.1052338626965774,
      0.8166562284371145,
      0.8462179588703866,
      1.1681279125227764,
      -0.849369114561692,
      1.093130587817266,
      0.8508779240702038,
      0.9034497856767999,
      0.9247668444791534,
      0.8276195381981473,
      0.8706724536229323,
      0.7223715429262135,
      0.7579852664153428,
      1.5090662074790253,
      0.8390639650989969,
      0.7901726975177262
    ],
    [
      1.0833451952909596,
      1.0004826419047912,
      1.3048326275548403,
      0.6948469449579673,
      0.9515925457469449,
      0.6962467993426842,
      0.7186928463098109,
      0.9701210316731218,
      1.093130587817266,
      -0.2698256785096653,
      0.7256234680005436,
      0.7694805603509192,
      0.7838588535672706,
      0.7006160791457967,
      0.7514834418716242,
      0.6161632094089421,
      0.646451101432133,
      1.2869959135942426,
      0.7156098452151197,
      0.6743581537863015
    ],
    [
      0.8723702664478465,
      0.8052746497737411,
      1.048651843167054,
      0.5528075921027827,
      0.7531684707053925,
      0.5755793666126324,
      0.5856426883468752,
      0.7787531967095902,
      0.8508779240702038,
      0.7256234680005436,
      -4.492495102815885,
      0.6549684312573647,
      0.6336304790986692,
      0.557899519561239,
      0.5922244785479562,
      0.511189725645454,
      0.5279212656130963,
      1.0369984609855913,
      0.5755705654708968,
      0.5419501400941165
    ],
    [
      0.9245281088599304,
      0.8539048707038878,
      1.1120378130246333,
      0.5861964130516109,
      0.7984927669747931,
      0.601624387163696,
      0.6280158409604621,
      0.8316100732416003,
      0.9034497856767999,
      0.7694805603509192,
      0.6549684312573647,
      -4.654097994052001,
      0.7032231964185461,
      0.5952335189428237,
      0.6282883209806521,
      0.5333916853622428,
      0.5667938110026337,
      1.1053922992036966,
      0.6116019325727777,
      0.5747674122085138
    ],
    [
      0.9397357152632381,
      0.8680210832718259,
      1.1309955880688358,
      0.596409176390546,
      0.8120885847345581,
      0.605484846741948,
      0.6306960518156299,
      0.8531104715723047,
      0.9247668444791534,
      0.7838588535672706,
      0.6336304790986692,
      0.7032231964185461,
      -4.743930604563022,
      0.6369377560412842,
      0.6426782429481501,
      0.5360920792624934,
      0.5684717351143441,
      1.1314729680908389,
      0.6280163259123647,
      0.585880385637031
    ],
    [
      0.8322199762992768,
      0.7685464474896349,
      1.0016002453978043,
      0.5285654806074179,
      0.719660850858978,
      0.5350605182272595,
      0.5533845335152853,
      0.7497593904375525,
      0.8276195381981473,
      0.7006160791457967,
      0.557899519561239,
      0.5952335189428237,
      0.6369377560412842,
      -4.244341033115402,
      0.6014914584643541,
      0.4735865886449855,
      0.498263015512614,
      0.9963413503113513,
      0.5647539875039393,
      0.5252737797763289
    ],
    [
      0.8841138585291727,
      0.816343240770899,
      1.0637262399925331,
      0.5612566193883672,
      0.7647849820917397,
      0.5682049564434984,
      0.5863857098706469,
      0.789925569476744,
      0.8706724536229323,
      0.7514834418716242,
      0.5922244785479562,
      0.6282883209806521,
      0.6426782429481501,
      0.6014914584643541,
      0.703670171021761,
      0.5028905970335044,
      0.5278103242663803,
      1.051883588511697,
      0.5914303589318249,
      0.5651682174942771
    ],
    [
      0.7401640527157626,
      0.6833874785206423,
      0.8903375430979216,
      0.46939657648048955,
      0.6395693975994806,
      0.47643534978433383,
      0.49121722791039457,
      0.6600662914408705,
      0.7223715429262135,
      0.6161632094089421,
      0.511189725645454,
      0.5333916853622428,
      0.5360920792624934,
      0.4735865886449855,
      0.5028905970335044,
      -4.001916875310508,
      0.4779511298045018,
      0.8835418725778774,
      0.4890641529371144,
      0.46024541513433614
    ],
    [
      0.7764878057440777,
      0.716942634026113,
      0.9340599442576618,
      0.4924495160449775,
      0.6709699136935892,
      0.49953981698161243,
      0.5155488072654469,
      0.6928062750790438,
      0.7579852664153428,
      0.646451101432133,
      0.5279212656130963,
      0.5667938110026337,
      0.5684717351143441,
      0.498263015512614,
      0.5278103242663803,
      0.4779511298045018,
      0.8458927432744057,
      0.9586268385929452,
      0.5169123308748096,
      0.48330394365474266
    ],
    [
      1.545707335640815,
      1.4271689135225363,
      1.8594117599760156,
      0.9803206161093774,
      1.3357058537420585,
      0.9935399964076019,
      1.0252691805759682,
      1.378867770503455,
      1.5090662074790253,
      1.2869959135942426,
      1.0369984609855913,
      1.1053922992036966,
      1.1314729680908389,
      0.9963413503113513,
      1.051883588511697,
      0.8835418725778774,
      0.9586268385929452,
      -1.6239150913927212,
      1.0565879306664592,
      0.965452198932868
    ],
    [
      0.8589314719341435,
      0.7930621557218384,
      1.033266643883414,
      0.5447781516322919,
      0.7422623335820657,
      0.5520371359136551,
      0.569630585268403,
      0.7663332123124142,
      0.8390639650989969,
      0.7156098452151197,
      0.5755705654708968,
      0.6116019325727777,
      0.6280163259123647,
      0.5647539875039393,
      0.5914303589318249,
      0.4890641529371144,
      0.5169123308748096,
      1.0565879306664592,
      -4.352920931511113,
      0.5703745950199643
    ],
    [
      0.8090820552427882,
      0.7470294464012269,
      0.9732893862322253,
      0.5131567440809572,
      0.6991980733167407,
      0.5199633199756851,
      0.5364307255788692,
      0.7215459595130569,
      0.7901726975177262,
      0.6743581537863015,
      0.5419501400941165,
      0.5747674122085138,
      0.585880385637031,
      0.5252737797763289,
      0.5651682174942771,
      0.46024541513433614,
      0.48330394365474266,
      0.965452198932868,
      0.5703745950199643,
      0.9806951173675378
    ]
  ],
  "wi": [
    0.353426526588106,
    0.5023704260683767,
    0.5367632074326787,
    0.751475355183005,
    0.5146687794091606,
    0.5701593972142178,
    0.5772468120077491,
    0.3628634574952981,
    0.49282061921356335,
    0.6228906894245269,
    0.6829068129993439,
    0.6340613559050706,
    0.6618320655944387,
    0.5943807724399999,
    0.4362249624057058,
    0.7295057794429894,
    0.7318924238103376,
    0.2681695,
    0.5944375137880155,
    0.46343885457405637
  ],
  "Ci": [
    0.5703658996452721,
    0.5266187759907398,
    0.6861146356556667,
    0.36173010535857786,
    0.49287457791141354,
    0.366544181814986,
    0.3781242343424352,
    0.5085131139435238,
    0.5566471224985449,
    0.47483049812001954,
    0.382023642749943,
    0.4049929844328146,
    0.41181105081379266,
    0.36475278188951354,
    0.38751630973374585,
    0.32440708491992093,
    0.34033230932956715,
    0.6775,
    0.3764803137847366,
    0.354632297597039
  ],
  "ei": [
    1,
    1,
    1,
    0,
    1,
    0,
    0,
    1,
    1,
    1,
    0,
    0,
    0,
    0,
    1,
    0,
    1,
    1,
    0,
    1
  ]
}