-1.488431233353196603e+00,1.695403079081539310e+00,1.139478802025533755e+00,1.988643312556599430e+00,1.319035016498962154e+00,1.033047826944083702e+00,1.351671757521440753e+00,1.196068071094348095e+00,1.413182742769524491e+00,1.395614994501806150e+00,1.339697653661369392e+00,1.508834200105963363e+00,1.149835180266187251e+00,1.094824987748111544e+00,8.898015177964081479e-01,8.537382828945092594e-01,1.002756695062390957e+00,9.480338446278989695e-01,1.098583099906545568e+00,9.346960550163309067e-01,1.033213188594275467e+00,1.077757362253775941e+00,1.251706484426807320e+00,1.119888300793122404e+00,1.528890989488579599e+00,1.206098228251808679e+00,1.032535210249110325e+00,8.095496073063651599e-01,1.034195622527996683e+00,1.185922598912748871e+00,1.105899701827118609e+00,1.005365738508663398e+00,9.314757355644757153e-01,9.802353764336887432e-01,1.017506944297541516e+00,8.808435070795409549e-01,1.437202262256980667e+00,1.223985375016650501e+00,1.022577812625001137e+00,9.242185845723458471e-01,9.533623328773315198e-01,9.866368761032667800e-01,1.146720231588931771e+00,1.657259402790666858e+00,1.438831406811557745e+00,1.022388388239130030e+00,8.235575464303144244e-01,1.215978246042490607e+00,9.205656355084629316e-01,9.663707637844963783e-01
1.695403079081539310e+00,-6.979760922588843286e+00,1.284474355812998514e+00,2.153906084945623078e+00,1.422064619061962354e+00,1.111151805766652068e+00,1.452273150815744041e+00,1.284814070194031377e+00,1.488803921101936822e+00,1.519765105695316088e+00,1.464368608983165565e+00,1.631713506954465043e+00,1.238870126342985989e+00,1.177171906094516274e+00,9.561064335844043915e-01,9.171038216642547480e-01,1.072605897280688447e+00,1.020657192560892934e+00,1.185174922358749550e+00,1.007495027252356179e+00,1.111402191356481328e+00,1.158237347266169559e+00,1.344660836858628361e+00,1.202927800756784515e+00,1.641367864436169111e+00,1.295755866068330153e+00,1.109983106247580009e+00,8.703861365607334921e-01,1.111322737163761953e+00,1.274019316909676736e+00,1.187926204636263749e+00,1.079882949485234223e+00,1.000330828168550124e+00,1.052893920655786575e+00,1.093060527214828159e+00,9.462872269924935686e-01,1.543808036124620919e+00,1.314735935717615156e+00,1.098368344217610426e+00,9.927021383416870792e-01,1.023959699961645819e+00,1.059734539575716727e+00,1.231704436959892623e+00,1.780073246300831968e+00,1.545456077199118594e+00,1.098150088884749076e+00,8.845798651813089331e-01,1.306066470526436873e+00,9.887574381957473513e-01,1.037962661472225490e+00
1.139478802025533755e+00,1.284474355812998514e+00,-2.415851294159025997e-01,1.563025733388557104e+00,1.006240729107749088e+00,7.760959822745792103e-01,1.008097402094444872e+00,8.907764447327770618e-01,1.018406018800376067e+00,1.049921704512473575e+00,1.052210644179332411e+00,1.162643794169419875e+00,8.717283714462999988e-01,8.202089049211819249e-01,6.639337060598471396e-01,6.359038790683048115e-01,7.412490121102853768e-01,7.086594820682108331e-01,8.282253140591256946e-01,7.057606595800272054e-01,7.746732390577425464e-01,8.045605746409939529e-01,9.324698630196457394e-01,8.337635432845551531e-01,1.137107418428057848e+00,8.983658565773511295e-01,7.705390223117836168e-01,6.047558958873510138e-01,7.712503740249799788e-01,8.834227550657375305e-01,8.234028781894368043e-01,7.483598452989649319e-01,6.931243471595919248e-01,7.296913146397654426e-01,7.576783784364383711e-01,6.560344002242166628e-01,1.069984718283564229e+00,9.111536242692149790e-01,7.611453140324492272e-01,6.878770811982924949e-01,7.094997730666320335e-01,7.343170587013865269e-01,8.535018678736687736e-01,1.233472074205422153e+00,1.070898649954366011e+00,7.609444161295337850e-01,6.129439223360740874e-01,9.049735373606877520e-01,6.851026842130246708e-01,7.192023372522141633e-01
1.988643312556599430e+00,2.153906084945623078e+00,1.563025733388557104e+00,-8.498821960724438185e+00,1.832594872918862139e+00,1.393479639943793869e+00,1.797558719334312771e+00,1.586196492915138423e+00,1.787137799700053709e+00,1.807223247058898030e+00,1.795253871068380747e+00,2.058543173529469250e+00,1.564373612719748952e+00,1.466510412440646949e+00,1.183989578302190537e+00,1.132402880930582167e+00,1.310214153269133597e+00,1.245860085467554113e+00,1.458451245385109729e+00,1.249680082595871822e+00,1.379133963285308795e+00,1.433315434981381919e+00,1.660230725912992478e+00,1.484044587627339151e+00,2.021036641889898178e+00,1.595189992630940967e+00,1.367882625579324607e+00,1.074343654765492539e+00,1.372035227046802364e+00,1.572208612827356466e+00,1.465435604311759121e+00,1.331806312198143827e+00,1.232795404628086899e+00,1.297700027859683525e+00,1.347548432704851695e+00,1.166932774026118613e+00,1.903825114814201580e+00,1.621353079992963631e+00,1.354465739038860139e+00,1.224083627653471673e+00,1.262388876865778276e+00,1.306522475614787515e+00,1.518618490028235568e+00,2.194809315832354724e+00,1.905571703373918568e+00,1.354058370249240806e+00,1.090714080838103728e+00,1.610374214867760667e+00,1.219083377871162055e+00,1.279757623789918419e+00
1.319035016498962154e+00,1.422064619061962354e+00,1.006240729107749088e+00,1.832594872918862139e+00,-1.024901560175643489e+00,9.976330588318481629e-01,1.216014109790461095e+00,1.060644725308560465e+00,1.185930237524487785e+00,1.195604252775694931e+00,1.181426626941374014e+00,1.367181916857967749e+00,1.078689708176240991e+00,1.007366847810229560e+00,8.005240781095055436e-01,7.573511800276042649e-01,8.701304930132350846e-01,8.265761017234343200e-01,9.678678434535823438e-01,8.325897438086984348e-01,9.241219075949264061e-01,9.606254970183766284e-01,1.108273030098555711e+00,9.885445467027742517e-01,1.343217652990515321e+00,1.060066661372190522e+00,9.091750674911879271e-01,7.147956523712345467e-01,9.135576977764467976e-01,1.046818646518347773e+00,9.753695285492763878e-01,8.859688899168298715e-01,8.194245796499333157e-01,8.625734610871597097e-01,8.957786635633536720e-01,7.758676097532386517e-01,1.265853806398014036e+00,1.078134535122329041e+00,9.006559302395932276e-01,8.138737259094405152e-01,8.391357447380557444e-01,8.684776967273872827e-01,1.009481668192701465e+00,1.458994191485285308e+00,1.266758219510137451e+00,9.001623547862058761e-01,7.250990879654281018e-01,1.070509754462056540e+00,8.103570356622696869e-01,8.506906752608214273e-01
1.033047826944083702e+00,1.111151805766652068e+00,7.760959822745792103e-01,1.393479639943793869e+00,9.976330588318481629e-01,-8.160131517451851835e-02,1.021610251480966403e+00,8.517831796854553605e-01,9.289330830784422455e-01,9.346717647320238465e-01,9.185025631858613204e-01,1.054733835874730241e+00,8.364182679509806206e-01,8.233604443368540693e-01,6.581041261403014486e-01,6.065879045696245253e-01,6.817707760140436779e-01,6.469359982872886494e-01,7.564894283663287089e-01,6.497243931508223103e-01,7.245941558470411215e-01,7.590876464273187407e-01,8.760149642346678478e-01,7.794021749985186043e-01,1.052970454879008866e+00,8.307969314027928709e-01,7.123019039126196050e-01,5.599764004620941815e-01,7.164944641393015123e-01,8.219172222092216984e-01,7.662291893520734032e-01,6.957729634571379052e-01,6.424113255171709502e-01,6.762074735736121056e-01,7.022215943084245682e-01,6.082512839914024916e-01,9.925571186840569382e-01,8.455425917078027709e-01,7.064654865904554937e-01,6.383787545790594598e-01,6.579014462278766073e-01,6.809009169886668378e-01,7.914530872402222306e-01,1.143900843694949598e+00,9.932083337599966200e-01,7.058136466416112809e-01,5.685726503094515882e-01,8.393820012622424942e-01,6.353474607604628899e-01,6.669697559413506616e-01
1.351671757521440753e+00,1.452273150815744041e+00,1.008097402094444872e+00,1.797558719334312771e+00,1.216014109790461095e+00,1.021610251480966403e+00,-6.392042315928438079e+00,1.169468457892067104e+00,1.215490589868357452e+00,1.221724077431809663e+00,1.196616102043406071e+00,1.363847235383612633e+00,1.054617639886479719e+00,1.032782003006218474e+00,8.719222247887710164e-01,8.154229385040940858e-01,8.921663174627777471e-01,8.459298044258732885e-01,9.877564013754306371e-01,8.447932835128855178e-01,9.391177642536483461e-01,9.856497202913071520e-01,1.146321331406370048e+00,1.023997192457433369e+00,1.378291690096155486e+00,1.087216719530654130e+00,9.316379266082199795e-01,7.315479807106536336e-01,9.359463670146003222e-01,1.074359501355007129e+00,1.002676415355379547e+00,9.113476973375135293e-01,8.409249840821617639e-01,8.851012343108537461e-01,9.190464036859510299e-01,7.958998057725600317e-01,1.298928812251019860e+00,1.106561766387330836e+00,9.247087028761596939e-01,8.357596318545619241e-01,8.612412518553294039e-01,8.913328346074572694e-01,1.036032569525378921e+00,1.497398184245142927e+00,1.300117941824366463e+00,9.239081886185029902e-01,7.442851242887765784e-01,1.098838595314942657e+00,8.317285489513841501e-01,8.731212589266412749e-01
1.196068071094348095e+00,1.284814070194031377e+00,8.907764447327770618e-01,1.586196492915138423e+00,1.060644725308560465e+00,8.517831796854553605e-01,1.169468457892067104e+00,-5.648464151084295892e-01,1.075569104594934933e+00,1.080854671800118405e+00,1.057899500808271220e+00,1.203645048941555329e+00,9.237690277544446937e-01,8.923414395884268213e-01,7.554338607776558412e-01,7.507206450880858917e-01,7.894746586514247433e-01,7.484284328533066244e-01,8.735872016812085139e-01,7.462091800002550457e-01,8.280796336715210426e-01,8.679831364674224226e-01,1.012945289363480494e+00,9.108978368252427238e-01,1.219713328826089738e+00,9.620686143877920093e-01,8.242657657067616883e-01,6.469652971593624624e-01,8.275669096243533085e-01,9.500229950637139043e-01,8.872135867632549022e-01,8.073849250364377728e-01,7.441795994729406560e-01,7.832570456500127509e-01,8.132646022147242970e-01,7.042349612074755294e-01,1.149358719283150254e+00,9.791431481020517191e-01,8.183377537373034416e-01,7.397943793432681936e-01,7.621671674276006003e-01,7.887924798417929040e-01,9.168394340451240243e-01,1.325124274631932941e+00,1.150532618957122999e+00,8.176076117945290100e-01,6.586728561901407097e-01,9.724735835187355848e-01,7.360523666463670844e-01,7.726824136110601593e-01
1.413182742769524491e+00,1.488803921101936822e+00,1.018406018800376067e+00,1.787137799700053709e+00,1.185930237524487785e+00,9.289330830784422455e-01,1.215490589868357452e+00,1.075569104594934933e+00,-9.829757743676763582e-01,1.304355781990208296e+00,1.215498394318499820e+00,1.359400212349584303e+00,1.034648649296544543e+00,9.846993906874212943e-01,8.002051579547545535e-01,7.677412031007994075e-01,9.559403158083552565e-01,8.857151125206167430e-01,9.995038931892777923e-01,8.439484518834581284e-01,9.300821292065586388e-01,9.694450728621001323e-01,1.125677100704221001e+00,1.007085576912936986e+00,1.387170026158127012e+00,1.094087441736384392e+00,9.333145713029679102e-01,7.298736417148278255e-01,9.306491366465806658e-01,1.066651403518739549e+00,9.945482596026811173e-01,9.040987075459585576e-01,8.404284056708128947e-01,8.838324886296275995e-01,9.164454407678688241e-01,7.928049780564050408e-01,1.292700255213085070e+00,1.100781668229356081e+00,9.195948553148980409e-01,8.311201146630931014e-01,8.579501019164730291e-01,8.877957314167912450e-01,1.031578340910235481e+00,1.490514413694644213e+00,1.293979216429488099e+00,9.194313551462226508e-01,7.406050147973090025e-01,1.093480430213336740e+00,8.279671141700460923e-01,8.691435735491214176e-01
1.395614994501806150e+00,1.519765105695316088e+00,1.049921704512473575e+00,1.807223247058898030e+00,1.195604252775694931e+00,9.346717647320238465e-01,1.221724077431809663e+00,1.080854671800118405e+00,1.304355781990208296e+00,-9.738947437549949626e-01,1.283798960339947115e+00,1.384455681711437958e+00,1.045112168005880582e+00,9.910571988556675649e-01,8.045304719069011901e-01,7.715704999077632742e-01,9.362267833698527664e-01,9.137313203637233983e-01,1.030925233036431798e+00,8.595290806596415090e-01,9.385438182592532597e-01,9.753857966318425499e-01,1.131482487159737538e+00,1.012043528440747631e+00,1.390471391220061026e+00,1.102565589610564167e+00,9.434439979430062628e-01,7.371241227392012485e-01,9.368377802399003862e-01,1.072436340625132933e+00,9.995569458258807272e-01,9.085174466102970969e-01,8.439201943956425866e-01,8.885874940461613303e-01,9.219290348967217330e-01,7.975401308963641078e-01,1.299447064117809081e+00,1.106318826826492074e+00,9.241127651224297912e-01,8.351488449631064848e-01,8.619732611612396234e-01,8.921464883734305795e-01,1.036738491950647267e+00,1.497878182332264663e+00,1.300335173174817172e+00,9.239242587674771912e-01,7.441975907594419182e-01,1.098745718937246263e+00,8.319242856875570524e-01,8.733323830632954143e-01
1.339697653661369392e+00,1.464368608983165565e+00,1.052210644179332411e+00,1.795253871068380747e+00,1.181426626941374014e+00,9.185025631858613204e-01,1.196616102043406071e+00,1.057899500808271220e+00,1.215498394318499820e+00,1.283798960339947115e+00,-5.967995621056367384e+00,1.417699959385179564e+00,1.041262747290432777e+00,9.751976208005939117e-01,7.887927122640687738e-01,7.553854659937871974e-01,8.902414714826567543e-01,8.714809082014447483e-01,1.033576365537099084e+00,8.680376632613391319e-01,9.299454885135879367e-01,9.583530443088821293e-01,1.108332359700791470e+00,9.905785348840852045e-01,1.355005845184622748e+00,1.075788676441888247e+00,9.266029781143662047e-01,7.270149041342626184e-01,9.204110722164762226e-01,1.051007961028564752e+00,9.786292909840006438e-01,8.891209187494757415e-01,8.246541974288619237e-01,8.689343535624696191e-01,9.025963223044782824e-01,7.814386818020460090e-01,1.272319617392377200e+00,1.082962367665225578e+00,9.043989149018563101e-01,8.172054331401992222e-01,8.431507546807781583e-01,8.727920104186988048e-01,1.014441189038378432e+00,1.465728963077709501e+00,1.272449753441963649e+00,9.041052011328070126e-01,7.281955424208864658e-01,1.075038909892372718e+00,8.139085254950689796e-01,8.544461713144920756e-01
1.508834200105963363e+00,1.631713506954465043e+00,1.162643794169419875e+00,2.058543173529469250e+00,1.367181916857967749e+00,1.054733835874730241e+00,1.363847235383612633e+00,1.203645048941555329e+00,1.359400212349584303e+00,1.384455681711437958e+00,1.417699959385179564e+00,-1.473929138744201062e+00,1.242517069030474097e+00,1.125937082650604548e+00,9.017566211672378707e-01,8.601343571171274904e-01,9.979376434542366336e-01,9.578154597946657578e-01,1.141512973908864081e+00,1.004584130164934530e+00,1.081330118169129717e+00,1.100048711433310400e+00,1.263515492251866545e+00,1.127132829876838382e+00,1.535494287673022873e+00,1.215430947488410407e+00,1.047808958667302726e+00,8.279676704183602798e-01,1.050959740461231640e+00,1.197993641030717704e+00,1.113927523422645338e+00,1.011220627981272546e+00,9.361356986940863045e-01,9.861572452776719011e-01,1.024913374624860207e+00,8.883260030845480104e-01,1.446992767471727337e+00,1.231731597394480682e+00,1.028454037238806906e+00,9.290923017376295778e-01,9.580745722923794672e-01,9.917363674562261755e-01,1.152844805923076033e+00,1.665989073763345152e+00,1.446448662494777215e+00,1.027804609205238195e+00,8.278149411602633290e-01,1.221993528215299163e+00,9.250520062627261009e-01,9.711269249407105120e-01
1.149835180266187251e+00,1.238870126342985989e+00,8.717283714462999988e-01,1.564373612719748952e+00,1.078689708176240991e+00,8.364182679509806206e-01,1.054617639886479719e+00,9.237690277544446937e-01,1.034648649296544543e+00,1.045112168005880582e+00,1.041262747290432777e+00,1.242517069030474097e+00,-4.291392076879239070e-01,9.288157478140643963e-01,7.091758625000914584e-01,6.630247103503118522e-01,7.596043053451992932e-01,7.241372096451011986e-01,8.556035359570314247e-01,7.594114006848501353e-01,8.603188861944646160e-01,8.710385890222829275e-01,9.780146912100692314e-01,8.653481556392988994e-01,1.171728827603688350e+00,9.261192124807841042e-01,7.975112298049255033e-01,6.327685354685772534e-01,8.088818018272525556e-01,9.222402028668812424e-01,8.552223489102461773e-01,7.743334578143928892e-01,7.147019495330648731e-01,7.527379131857931949e-01,7.824385653789956985e-01,6.788045051632457527e-01,1.106440899745416040e+00,9.423335477139203054e-01,7.866907718863327403e-01,7.102794374363247121e-01,7.316982253702282168e-01,7.573935116427946701e-01,8.804966781062901759e-01,1.272574868573164819e+00,1.105052581458578320e+00,7.853617377703778768e-01,6.325599671393058454e-01,9.335335698169411334e-01,7.065357706315670283e-01,7.417283884913826730e-01
1.094824987748111544e+00,1.177171906094516274e+00,8.202089049211819249e-01,1.466510412440646949e+00,1.007366847810229560e+00,8.233604443368540693e-01,1.032782003006218474e+00,8.923414395884268213e-01,9.846993906874212943e-01,9.910571988556675649e-01,9.751976208005939117e-01,1.125937082650604548e+00,9.288157478140643963e-01,-2.271729854726878273e-01,7.398118333729086782e-01,6.509266147168829564e-01,7.228509569451226913e-01,6.865151475969309969e-01,8.048177223375956313e-01,6.992281762275112111e-01,7.992657014475523791e-01,8.563133372784352826e-01,9.597633571531208885e-01,8.366796167810215401e-01,1.116270633442660420e+00,8.811771222783938429e-01,7.567302695077120500e-01,5.980435032073326829e-01,7.684637711369124435e-01,8.829310720977261440e-01,8.211798563600593015e-01,7.419805210983884125e-01,6.810182720812268942e-01,7.170099657761288547e-01,7.449733534289705306e-01,6.460814525458520308e-01,1.054294734433920411e+00,8.988957255635103838e-01,7.510530597364551975e-01,6.780149431832115381e-01,6.973803286843869298e-01,7.218144948611076028e-01,8.391009455098844549e-01,1.212837986765115339e+00,1.053278588156380646e+00,7.487296855907605853e-01,6.031877113129934243e-01,8.900644709656035936e-01,6.734481537213441449e-01,7.069820238633656162e-01
8.898015177964081479e-01,9.561064335844043915e-01,6.639337060598471396e-01,1.183989578302190537e+00,8.005240781095055436e-01,6.581041261403014486e-01,8.719222247887710164e-01,7.554338607776558412e-01,8.002051579547545535e-01,8.045304719069011901e-01,7.887927122640687738e-01,9.017566211672378707e-01,7.091758625000914584e-01,7.398118333729086782e-01,-4.329105460255496141e+00,5.967324279062536929e-01,5.873843347194830367e-01,5.571970901008321819e-01,6.514099690026666778e-01,5.601751246994677302e-01,6.313502206835500674e-01,6.849440792386991550e-01,8.125177526694942198e-01,7.101871501271056486e-01,9.073593274081063198e-01,7.159215024211048606e-01,6.140090055884586118e-01,4.836656345904319365e-01,6.213591939086775540e-01,7.174311231561730784e-01,6.731814028925050541e-01,6.101260407237800720e-01,5.535951785371537870e-01,5.827539002406054713e-01,6.053001378925908504e-01,5.246846803368399037e-01,8.566072488907358062e-01,7.309329656067502512e-01,6.116907650133246444e-01,5.526731460249144634e-01,5.669449662143060120e-01,5.867827652711117281e-01,6.820984167831551925e-01,9.859209396757516730e-01,8.562376857784398387e-01,6.087746221568136606e-01,4.906156309660116843e-01,7.239253548073152356e-01,5.475058843244214879e-01,5.747627333830432894e-01
8.537382828945092594e-01,9.171038216642547480e-01,6.359038790683048115e-01,1.132402880930582167e+00,7.573511800276042649e-01,6.065879045696245253e-01,8.154229385040940858e-01,7.507206450880858917e-01,7.677412031007994075e-01,7.715704999077632742e-01,7.553854659937871974e-01,8.601343571171274904e-01,6.630247103503118522e-01,6.509266147168829564e-01,5.967324279062536929e-01,6.869718777070996651e-01,5.635377241127987880e-01,5.343076087953110287e-01,6.238790356671390924e-01,5.337757873996715752e-01,5.949906187411879710e-01,6.323488315161158724e-01,7.584677711251954779e-01,7.072544941444482980e-01,8.706280406023448881e-01,6.867777348232155799e-01,5.885782036900845116e-01,4.625106128142361106e-01,5.927591893836066106e-01,6.832589628968526174e-01,6.433254810220304654e-01,5.892529665249812698e-01,5.311934963279936195e-01,5.591137655117446315e-01,5.806094727493059660e-01,5.029833359697414297e-01,8.211429872692582732e-01,7.004307875583122289e-01,5.865940255478843124e-01,5.309917869621978426e-01,5.440256282197386550e-01,5.630419985306245323e-01,6.544680924919277221e-01,9.459566817025903962e-01,8.214561556666375441e-01,5.839984513574191238e-01,4.707349250126858786e-01,6.947990417310124789e-01,5.253814471331110791e-01,5.515314435196193577e-01
1.002756695062390957e+00,1.072605897280688447e+00,7.412490121102853768e-01,1.310214153269133597e+00,8.701304930132350846e-01,6.817707760140436779e-01,8.921663174627777471e-01,7.894746586514247433e-01,9.559403158083552565e-01,9.362267833698527664e-01,8.902414714826567543e-01,9.979376434542366336e-01,7.596043053451992932e-01,7.228509569451226913e-01,5.873843347194830367e-01,5.635377241127987880e-01,-4.767048142593079518e+00,7.068709543789247762e-01,7.473397073238783328e-01,6.230254863462195702e-01,6.836559088123039807e-01,7.118510274385373426e-01,8.263332128693591239e-01,7.392313693524434903e-01,1.074957436374504027e+00,8.383157714719181586e-01,6.977723898871337482e-01,5.396237629889202303e-01,6.842396170890366891e-01,7.832581422323720011e-01,7.301008472080700029e-01,6.636431938365097150e-01,6.297694664338548964e-01,6.587386803297046178e-01,6.778054699940205818e-01,5.839746771571762141e-01,9.495696682352355866e-01,8.082165580554808715e-01,6.750635621133052044e-01,6.100716239095622662e-01,6.326687981508883896e-01,6.541184547148878314e-01,7.587191621585993584e-01,1.094802237333097006e+00,9.501059625315533275e-01,6.749885014041171472e-01,5.436517578725224009e-01,8.026377796026638034e-01,6.083992724348216141e-01,6.385438883326067794e-01
9.480338446278989695e-01,1.020657192560892934e+00,7.086594820682108331e-01,1.245860085467554113e+00,8.265761017234343200e-01,6.469359982872886494e-01,8.459298044258732885e-01,7.484284328533066244e-01,8.857151125206167430e-01,9.137313203637233983e-01,8.714809082014447483e-01,9.578154597946657578e-01,7.241372096451011986e-01,6.865151475969309969e-01,5.571970901008321819e-01,5.343076087953110287e-01,7.068709543789247762e-01,-4.656547991950908738e+00,7.724440136852406269e-01,6.095986747719648324e-01,6.536966758955730095e-01,6.764489548138714614e-01,7.837865351624878629e-01,7.008711546647485857e-01,9.985811690013516317e-01,8.208745200767256778e-01,6.890378727803815329e-01,5.234016052602257218e-01,6.527153109414710608e-01,7.437834677319631327e-01,6.924823356130290763e-01,6.291995311607511132e-01,5.944927287898008617e-01,6.283341144825053126e-01,6.485097277952119876e-01,5.574601455796348581e-01,9.018879571410197693e-01,7.668018335193304003e-01,6.401399152183540053e-01,5.783724320531052898e-01,5.993695000446558341e-01,6.207239901289992590e-01,7.203852648135764536e-01,1.038754680746458936e+00,9.011778807218107090e-01,6.400892671074168705e-01,5.154385250379058814e-01,7.608663072397710003e-01,5.766559406238909169e-01,6.054088391381835521e-01
1.098583099906545568e+00,1.185174922358749550e+00,8.282253140591256946e-01,1.458451245385109729e+00,9.678678434535823438e-01,7.564894283663287089e-01,9.877564013754306371e-01,8.735872016812085139e-01,9.995038931892777923e-01,1.030925233036431798e+00,1.033576365537099084e+00,1.141512973908864081e+00,8.556035359570314247e-01,8.048177223375956313e-01,6.514099690026666778e-01,6.238790356671390924e-01,7.473397073238783328e-01,7.724440136852406269e-01,-2.068826191375059409e-01,7.696008779762139040e-01,7.801310581855412929e-01,7.945194576525204111e-01,9.161622523668515594e-01,8.183308053214204403e-01,1.131206811656482181e+00,9.226153255200648662e-01,8.206186218038367119e-01,6.345650236549487122e-01,7.722771428539254579e-01,8.716606679488716480e-01,8.092869760857434036e-01,7.346153329374622842e-01,6.860306698741558407e-01,7.273723625579120444e-01,7.580150583999564207e-01,6.551101582895115794e-01,1.055755321241831135e+00,8.963742494967498198e-01,7.476170531799110064e-01,6.751444199489877729e-01,6.978404108907950709e-01,7.232386215737167667e-01,8.406748239937796852e-01,1.212942318004400999e+00,1.052396326025824891e+00,7.474217179496326358e-01,6.017143012319109419e-01,8.879816426987234834e-01,6.725972659152948951e-01,7.062528957536503560e-01
9.346960550163309067e-01,1.007495027252356179e+00,7.057606595800272054e-01,1.249680082595871822e+00,8.325897438086984348e-01,6.497243931508223103e-01,8.447932835128855178e-01,7.462091800002550457e-01,8.439484518834581284e-01,8.595290806596415090e-01,8.680376632613391319e-01,1.004584130164934530e+00,7.594114006848501353e-01,6.992281762275112111e-01,5.601751246994677302e-01,5.337757873996715752e-01,6.230254863462195702e-01,6.095986747719648324e-01,7.696008779762139040e-01,-4.642414802066479496e+00,7.322823198100550934e-01,6.977939495445636409e-01,7.877036121944013258e-01,7.000873948222975374e-01,9.563241721771617021e-01,7.671105156852342510e-01,6.863541850352404827e-01,5.719268296363619886e-01,6.883076690120537577e-01,7.562980789546351890e-01,6.949211476179041336e-01,6.282835449130200756e-01,5.826325869334745278e-01,6.168337032223566441e-01,6.458613241436365060e-01,5.641166170372856614e-01,9.075821388695551883e-01,7.691082045258218480e-01,6.398768584812188909e-01,5.768709280870082390e-01,5.948625893442419654e-01,6.165391812724794196e-01,7.173993672475604821e-01,1.036055031396163395e+00,8.994557540123980788e-01,6.389041940593652713e-01,5.140918517149479783e-01,7.580579000921113808e-01,5.738399133725206047e-01,6.025910539246626119e-01
1.033213188594275467e+00,1.111402191356481328e+00,7.746732390577425464e-01,1.379133963285308795e+00,9.241219075949264061e-01,7.245941558470411215e-01,9.391177642536483461e-01,8.280796336715210426e-01,9.300821292065586388e-01,9.385438182592532597e-01,9.299454885135879367e-01,1.081330118169129717e+00,8.603188861944646160e-01,7.992657014475523791e-01,6.313502206835500674e-01,5.949906187411879710e-01,6.836559088123039807e-01,6.536966758955730095e-01,7.801310581855412929e-01,7.322823198100550934e-01,2.046449534800220960e-02,8.326522900262043336e-01,8.901968071272419181e-01,7.806662477131967037e-01,1.054525147645052119e+00,8.361558146377834344e-01,7.287186300834758157e-01,6.021870811698314396e-01,7.815134338319305041e-01,8.624651849855671237e-01,7.806094690634728384e-01,6.996779860528086203e-01,6.432708542376859295e-01,6.787135722053582176e-01,7.083423397646745334e-01,6.198508498792739685e-01,1.007162170738449269e+00,8.568025058037888053e-01,7.121657028635470787e-01,6.405371323887906199e-01,6.581958630942752464e-01,6.817136492595159414e-01,7.931469558698539535e-01,1.146585546599317329e+00,9.964003256513047635e-01,7.085088266529051548e-01,5.702151509513160299e-01,8.400896398129300557e-01,6.353839094351021455e-01,6.671402045626430022e-01
1.077757362253775941e+00,1.158237347266169559e+00,8.045605746409939529e-01,1.433315434981381919e+00,9.606254970183766284e-01,7.590876464273187407e-01,9.856497202913071520e-01,8.679831364674224226e-01,9.694450728621001323e-01,9.753857966318425499e-01,9.583530443088821293e-01,1.100048711433310400e+00,8.710385890222829275e-01,8.563133372784352826e-01,6.849440792386991550e-01,6.323488315161158724e-01,7.118510274385373426e-01,6.764489548138714614e-01,7.945194576525204111e-01,6.977939495445636409e-01,8.326522900262043336e-01,-2.191809976557967943e-01,9.906792457414411723e-01,8.331299612349249983e-01,1.099330020429760912e+00,8.684961448171033549e-01,7.482872048240136742e-01,5.999217814788808667e-01,7.888305456862821918e-01,9.222297249218349702e-01,8.407350897473743201e-01,7.416435550560454004e-01,6.707298269342162333e-01,7.065873756817456774e-01,7.353167873262513865e-01,6.407905534843119089e-01,1.047318784888595200e+00,8.970693213393469145e-01,7.487440763392828602e-01,6.722325758073101065e-01,6.867498184664657668e-01,7.109842532759893530e-01,8.268672067053089991e-01,1.195579737088693806e+00,1.039360331692662509e+00,7.399328003072206394e-01,5.961965149997429103e-01,8.777738259125505982e-01,6.631257346369250349e-01,6.962013135013981335e-01
1.251706484426807320e+00,1.344660836858628361e+00,9.324698630196457394e-01,1.660230725912992478e+00,1.108273030098555711e+00,8.760149642346678478e-01,1.146321331406370048e+00,1.012945289363480494e+00,1.125677100704221001e+00,1.131482487159737538e+00,1.108332359700791470e+00,1.263515492251866545e+00,9.780146912100692314e-01,9.597633571531208885e-01,8.125177526694942198e-01,7.584677711251954779e-01,8.263332128693591239e-01,7.837865351624878629e-01,9.161622523668515594e-01,7.877036121944013258e-01,8.901968071272419181e-01,9.906792457414411723e-01,-7.569896230813597526e-01,1.026193530542808929e+00,1.276556271407129239e+00,1.007302577488049966e+00,8.642848958741871090e-01,6.825021697973130408e-01,8.825112038207114651e-01,1.036384972802603777e+00,9.934382450077253734e-01,8.854204663432960754e-01,7.788717161821216983e-01,8.199851676957162772e-01,8.520177388236360727e-01,7.395691787131072337e-01,1.208991819314887639e+00,1.036319926826008819e+00,8.710969517855445821e-01,7.855308901569706403e-01,7.976444029497423704e-01,8.256053835752439340e-01,9.598453885077868897e-01,1.387625946731625426e+00,1.205817019122794154e+00,8.584633359950581966e-01,6.926239817173710511e-01,1.020465890292852063e+00,7.702840408844250364e-01,8.086519980362082416e-01
1.119888300793122404e+00,1.202927800756784515e+00,8.337635432845551531e-01,1.484044587627339151e+00,9.885445467027742517e-01,7.794021749985186043e-01,1.023997192457433369e+00,9.108978368252427238e-01,1.007085576912936986e+00,1.012043528440747631e+00,9.905785348840852045e-01,1.127132829876838382e+00,8.653481556392988994e-01,8.366796167810215401e-01,7.101871501271056486e-01,7.072544941444482980e-01,7.392313693524434903e-01,7.008711546647485857e-01,8.183308053214204403e-01,7.000873948222975374e-01,7.806662477131967037e-01,8.331299612349249983e-01,1.026193530542808929e+00,-3.763983503535133224e-01,1.142082472897818057e+00,9.009319776440340988e-01,7.722127670473099004e-01,6.072628266719950485e-01,7.798790211756834179e-01,9.052443186451237800e-01,8.721131630963216974e-01,8.208007622141266779e-01,6.968221526714042380e-01,7.334759025784587383e-01,7.617742866509495947e-01,6.602824153945575647e-01,1.078658329053913345e+00,9.228481041892911962e-01,7.777586616317891943e-01,7.074062262572856641e-01,7.136529981990377136e-01,7.386168756367018640e-01,8.586034938432998143e-01,1.241124308969214995e+00,1.078160721707013048e+00,7.673261970271250121e-01,6.195643890044590929e-01,9.138925240663285932e-01,6.891921725471137350e-01,7.235039586094308417e-01
1.528890989488579599e+00,1.641367864436169111e+00,1.137107418428057848e+00,2.021036641889898178e+00,1.343217652990515321e+00,1.052970454879008866e+00,1.378291690096155486e+00,1.219713328826089738e+00,1.387170026158127012e+00,1.390471391220061026e+00,1.355005845184622748e+00,1.535494287673022873e+00,1.171728827603688350e+00,1.116270633442660420e+00,9.073593274081063198e-01,8.706280406023448881e-01,1.074957436374504027e+00,9.985811690013516317e-01,1.131206811656482181e+00,9.563241721771617021e-01,1.054525147645052119e+00,1.099330020429760912e+00,1.276556271407129239e+00,1.142082472897818057e+00,-6.645681961008722993e+00,1.316243071362582118e+00,1.077639490665035282e+00,8.325201294206912017e-01,1.056609550156611288e+00,1.209944025478822294e+00,1.127948692830909927e+00,1.025316413467677101e+00,1.017223147707966069e+00,1.043164722069536143e+00,1.054688493652692571e+00,9.039277665908328485e-01,1.467413308093982627e+00,1.248749827136021784e+00,1.042983163883445696e+00,9.425662823594784800e-01,9.875223169504007137e-01,1.018205364413801828e+00,1.175833637733767034e+00,1.692763026265358128e+00,1.468309444199409342e+00,1.042969359789611694e+00,8.399749855575427970e-01,1.240092519061750220e+00,9.422650996473004303e-01,9.884572369487234500e-01
1.206098228251808679e+00,1.295755866068330153e+00,8.983658565773511295e-01,1.595189992630940967e+00,1.060066661372190522e+00,8.307969314027928709e-01,1.087216719530654130e+00,9.620686143877920093e-01,1.094087441736384392e+00,1.102565589610564167e+00,1.075788676441888247e+00,1.215430947488410407e+00,9.261192124807841042e-01,8.811771222783938429e-01,7.159215024211048606e-01,6.867777348232155799e-01,8.383157714719181586e-01,8.208745200767256778e-01,9.226153255200648662e-01,7.671105156852342510e-01,8.361558146377834344e-01,8.684961448171033549e-01,1.007302577488049966e+00,9.009319776440340988e-01,1.316243071362582118e+00,-5.647430272599303080e+00,9.183030956543692946e-01,6.769764111928436856e-01,8.394361152032761009e-01,9.561230506238084237e-01,8.901848272230692416e-01,8.088587113827104824e-01,7.928283356182951325e-01,8.559999969696535649e-01,8.622707435541947518e-01,7.258136907087298084e-01,1.161832531899366527e+00,9.863569785236386833e-01,8.230797501800544147e-01,7.435686853242579053e-01,7.788891281592448257e-01,8.089349391170524983e-01,9.344632910995840369e-01,1.339484995972118897e+00,1.160054465302629012e+00,8.233700242487727028e-01,6.627771635485112389e-01,9.781874736607665266e-01,7.434122761633957799e-01,7.807816415237865959e-01
1.032535210249110325e+00,1.109983106247580009e+00,7.705390223117836168e-01,1.367882625579324607e+00,9.091750674911879271e-01,7.123019039126196050e-01,9.316379266082199795e-01,8.242657657067616883e-01,9.333145713029679102e-01,9.434439979430062628e-01,9.266029781143662047e-01,1.047808958667302726e+00,7.975112298049255033e-01,7.567302695077120500e-01,6.140090055884586118e-01,5.885782036900845116e-01,6.977723898871337482e-01,6.890378727803815329e-01,8.206186218038367119e-01,6.863541850352404827e-01,7.287186300834758157e-01,7.482872048240136742e-01,8.642848958741871090e-01,7.722127670473099004e-01,1.077639490665035282e+00,9.183030956543692946e-01,1.122868913199148722e-02,6.464614617419822684e-01,7.389061523766299322e-01,8.249567108790458736e-01,7.643303826221162778e-01,6.934299860300228158e-01,6.588160718272084715e-01,7.191774554007129838e-01,7.688822119740644778e-01,6.509815386444350871e-01,1.007736978318729104e+00,8.492706105487362045e-01,7.064791268354775333e-01,6.374111710473917558e-01,6.633155841006872500e-01,6.919220268372658911e-01,8.055228532427016752e-01,1.154071008505772600e+00,9.979212720179340135e-01,7.072219541883358884e-01,5.684905074449999596e-01,8.382175501847703991e-01,6.361820269257620897e-01,6.688353729686853377e-01
8.095496073063651599e-01,8.703861365607334921e-01,6.047558958873510138e-01,1.074343654765492539e+00,7.147956523712345467e-01,5.599764004620941815e-01,7.315479807106536336e-01,6.469652971593624624e-01,7.298736417148278255e-01,7.371241227392012485e-01,7.270149041342626184e-01,8.279676704183602798e-01,6.327685354685772534e-01,5.980435032073326829e-01,4.836656345904319365e-01,4.625106128142361106e-01,5.396237629889202303e-01,5.234016052602257218e-01,6.345650236549487122e-01,5.719268296363619886e-01,6.021870811698314396e-01,5.999217814788808667e-01,6.825021697973130408e-01,6.072628266719950485e-01,8.325201294206912017e-01,6.769764111928436856e-01,6.464614617419822684e-01,9.948214841936877662e-01,6.481557350315424459e-01,6.675953013078552711e-01,6.057210385662001872e-01,5.458364262932586808e-01,5.090481980207810508e-01,5.470616219293168436e-01,5.940245829064727534e-01,5.441364418282685911e-01,8.210991398786473550e-01,6.791783561125539492e-01,5.587145631915271249e-01,5.015129402078766230e-01,5.180454988387460658e-01,5.398087297282593289e-01,6.320376888532381887e-01,9.113228623572346976e-01,7.899938103501557007e-01,5.592131107905958798e-01,4.479670005190862225e-01,6.583732589989872430e-01,4.985925659707115543e-01,5.242897117644303995e-01
1.034195622527996683e+00,1.111322737163761953e+00,7.712503740249799788e-01,1.372035227046802364e+00,9.135576977764467976e-01,7.164944641393015123e-01,9.359463670146003222e-01,8.275669096243533085e-01,9.306491366465806658e-01,9.368377802399003862e-01,9.204110722164762226e-01,1.050959740461231640e+00,8.088818018272525556e-01,7.684637711369124435e-01,6.213591939086775540e-01,5.927591893836066106e-01,6.842396170890366891e-01,6.527153109414710608e-01,7.722771428539254579e-01,6.883076690120537577e-01,7.815134338319305041e-01,7.888305456862821918e-01,8.825112038207114651e-01,7.798790211756834179e-01,1.056609550156611288e+00,8.394361152032761009e-01,7.389061523766299322e-01,6.481557350315424459e-01,4.357562606926990156e-05,9.088324322959442370e-01,7.908763425832898708e-01,7.027496083131283822e-01,6.451246215950920959e-01,6.829260632365031780e-01,7.204360683931444465e-01,6.528272538673004499e-01,1.061327775567594722e+00,8.901414751563548888e-01,7.242652781608672763e-01,6.446912757738101352e-01,6.598118026033193972e-01,6.845568359909890432e-01,7.989916879612620759e-01,1.157545035762120866e+00,1.009872370532131081e+00,7.187984469269674825e-01,5.757189767762194155e-01,8.431750287699422142e-01,6.366334443150585276e-01,6.688383288447856678e-01
1.185922598912748871e+00,1.274019316909676736e+00,8.834227550657375305e-01,1.572208612827356466e+00,1.046818646518347773e+00,8.219172222092216984e-01,1.074359501355007129e+00,9.500229950637139043e-01,1.066651403518739549e+00,1.072436340625132933e+00,1.051007961028564752e+00,1.197993641030717704e+00,9.222402028668812424e-01,8.829310720977261440e-01,7.174311231561730784e-01,6.832589628968526174e-01,7.832581422323720011e-01,7.437834677319631327e-01,8.716606679488716480e-01,7.562980789546351890e-01,8.624651849855671237e-01,9.222297249218349702e-01,1.036384972802603777e+00,9.052443186451237800e-01,1.209944025478822294e+00,9.561230506238084237e-01,8.249567108790458736e-01,6.675953013078552711e-01,9.088324322959442370e-01,-4.560596727538612782e-01,9.659562676887948340e-01,8.235694946724501087e-01,7.383831509967121454e-01,7.784150480629665747e-01,8.121668163721558198e-01,7.155976698898427468e-01,1.183465217531427527e+00,1.038378002247246412e+00,8.548637703470324256e-01,7.502016968208988779e-01,7.559889822496982381e-01,7.830532592142696036e-01,9.117275673832712091e-01,1.320258784547015729e+00,1.152795242788038355e+00,8.259456338938665487e-01,6.650640912067573574e-01,9.704923415296383693e-01,7.299097037346021777e-01,7.664794628263189580e-01
1.105899701827118609e+00,1.187926204636263749e+00,8.234028781894368043e-01,1.465435604311759121e+00,9.753695285492763878e-01,7.662291893520734032e-01,1.002676415355379547e+00,8.872135867632549022e-01,9.945482596026811173e-01,9.995569458258807272e-01,9.786292909840006438e-01,1.113927523422645338e+00,8.552223489102461773e-01,8.211798563600593015e-01,6.731814028925050541e-01,6.433254810220304654e-01,7.301008472080700029e-01,6.924823356130290763e-01,8.092869760857434036e-01,6.949211476179041336e-01,7.806094690634728384e-01,8.407350897473743201e-01,9.934382450077253734e-01,8.721131630963216974e-01,1.127948692830909927e+00,8.901848272230692416e-01,7.643303826221162778e-01,6.057210385662001872e-01,7.908763425832898708e-01,9.659562676887948340e-01,-3.272243694550853732e-01,8.325725836813325786e-01,6.882476025116909257e-01,7.247728930550991766e-01,7.537886868137051444e-01,6.569437758299268015e-01,1.079980800977668798e+00,9.491043793794017303e-01,8.241054889398907735e-01,7.275206109243983477e-01,7.048215289209763812e-01,7.296723714233748215e-01,8.487276239443762860e-01,1.227947446835233158e+00,1.070251933992634186e+00,7.680515130051701611e-01,6.243287203323419909e-01,9.111884805102187235e-01,6.806204018824852930e-01,7.145919073258925058e-01
