{
  "task": "B2",
  "description": "Unified QUBO (cost_model=real)",
  "parameters": {
    "lambda": 2.0,
    "mu": 5.0,
    "budget_B": 2.819608829857445
  },
  "n_sites": 50,
  "site_ids": [
    "GA_001",
    "GA_002",
    "GA_003",
    "GA_004",
    "GA_005",
    "GA_006",
    "GA_007",
    "GA_008",
    "GA_009",
    "GA_010",
    "GA_011",
    "GA_012",
    "GA_013",
    "GA_014",
    "GA_015",
    "GA_016",
    "GA_017",
    "GA_018",
    "GA_019",
    "GA_020",
    "GA_021",
    "GA_022",
    "GA_023",
    "GA_024",
    "GA_025",
    "GA_026",
    "GA_027",
    "GA_028",
    "GA_029",
    "GA_030",
    "GA_031",
    "GA_032",
    "GA_033",
    "GA_034",
    "GA_035",
    "GA_036",
    "GA_037",
    "GA_038",
    "GA_039",
    "GA_040",
    "GA_041",
    "GA_042",
    "GA_043",
    "GA_044",
    "GA_045",
    "GA_046",
    "GA_047",
    "GA_048",
    "GA_049",
    "GA_050"
  ],
  "Q_matrix": [
    [
      -1.4884312333531966,
      1.6954030790815393,
      1.1394788020255338,
      1.9886433125565994,
      1.3190350164989622,
      1.0330478269440837,
      1.3516717575214408,
      1.196068071094348,
      1.4131827427695245,
      1.3956149945018061,
      1.3396976536613694,
      1.5088342001059634,
      1.1498351802661873,
      1.0948249877481115,
      0.8898015177964081,
      0.8537382828945093,
      1.002756695062391,
      0.948033844627899,
      1.0985830999065456,
      0.9346960550163309,
      1.0332131885942755,
      1.077757362253776,
      1.2517064844268073,
      1.1198883007931224,
      1.5288909894885796,
      1.2060982282518087,
      1.0325352102491103,
      0.8095496073063652,
      1.0341956225279967,
      1.1859225989127489,
      1.1058997018271186,
      1.0053657385086634,
      0.9314757355644757,
      0.9802353764336887,
      1.0175069442975415,
      0.880843507079541,
      1.4372022622569807,
      1.2239853750166505,
      1.0225778126250011,
      0.9242185845723458,
      0.9533623328773315,
      0.9866368761032668,
      1.1467202315889318,
      1.6572594027906669,
      1.4388314068115577,
      1.02238838823913,
      0.8235575464303144,
      1.2159782460424906,
      0.9205656355084629,
      0.9663707637844964
    ],
    [
      1.6954030790815393,
      -6.979760922588843,
      1.2844743558129985,
      2.153906084945623,
      1.4220646190619624,
      1.111151805766652,
      1.452273150815744,
      1.2848140701940314,
      1.4888039211019368,
      1.519765105695316,
      1.4643686089831656,
      1.631713506954465,
      1.238870126342986,
      1.1771719060945163,
      0.9561064335844044,
      0.9171038216642547,
      1.0726058972806884,
      1.020657192560893,
      1.1851749223587495,
      1.0074950272523562,
      1.1114021913564813,
      1.1582373472661696,
      1.3446608368586284,
      1.2029278007567845,
      1.641367864436169,
      1.2957558660683302,
      1.10998310624758,
      0.8703861365607335,
      1.111322737163762,
      1.2740193169096767,
      1.1879262046362637,
      1.0798829494852342,
      1.0003308281685501,
      1.0528939206557866,
      1.0930605272148282,
      0.9462872269924936,
      1.543808036124621,
      1.3147359357176152,
      1.0983683442176104,
      0.9927021383416871,
      1.0239596999616458,
      1.0597345395757167,
      1.2317044369598926,
      1.780073246300832,
      1.5454560771991186,
      1.098150088884749,
      0.8845798651813089,
      1.3060664705264369,
      0.9887574381957474,
      1.0379626614722255
    ],
    [
      1.1394788020255338,
      1.2844743558129985,
      -0.2415851294159026,
      1.563025733388557,
      1.006240729107749,
      0.7760959822745792,
      1.0080974020944449,
      0.8907764447327771,
      1.018406018800376,
      1.0499217045124736,
      1.0522106441793324,
      1.1626437941694199,
      0.8717283714463,
      0.8202089049211819,
      0.6639337060598471,
      0.6359038790683048,
      0.7412490121102854,
      0.7086594820682108,
      0.8282253140591257,
      0.7057606595800272,
      0.7746732390577425,
      0.804560574640994,
      0.9324698630196457,
      0.8337635432845552,
      1.1371074184280578,
      0.8983658565773511,
      0.7705390223117836,
      0.604755895887351,
      0.77125037402498,
      0.8834227550657375,
      0.8234028781894368,
      0.7483598452989649,
      0.6931243471595919,
      0.7296913146397654,
      0.7576783784364384,
      0.6560344002242167,
      1.0699847182835642,
      0.911153624269215,
      0.7611453140324492,
      0.6878770811982925,
      0.709499773066632,
      0.7343170587013865,
      0.8535018678736688,
      1.2334720742054222,
      1.070898649954366,
      0.7609444161295338,
      0.6129439223360741,
      0.9049735373606878,
      0.6851026842130247,
      0.7192023372522142
    ],
    [
      1.9886433125565994,
      2.153906084945623,
      1.563025733388557,
      -8.498821960724438,
      1.8325948729188621,
      1.3934796399437939,
      1.7975587193343128,
      1.5861964929151384,
      1.7871377997000537,
      1.807223247058898,
      1.7952538710683807,
      2.0585431735294693,
      1.564373612719749,
      1.466510412440647,
      1.1839895783021905,
      1.1324028809305822,
      1.3102141532691336,
      1.2458600854675541,
      1.4584512453851097,
      1.2496800825958718,
      1.3791339632853088,
      1.433315434981382,
      1.6602307259129925,
      1.4840445876273392,
      2.021036641889898,
      1.595189992630941,
      1.3678826255793246,
      1.0743436547654925,
      1.3720352270468024,
      1.5722086128273565,
      1.4654356043117591,
      1.3318063121981438,
      1.232795404628087,
      1.2977000278596835,
      1.3475484327048517,
      1.1669327740261186,
      1.9038251148142016,
      1.6213530799929636,
      1.3544657390388601,
      1.2240836276534717,
      1.2623888768657783,
      1.3065224756147875,
      1.5186184900282356,
      2.1948093158323547,
      1.9055717033739186,
      1.3540583702492408,
      1.0907140808381037,
      1.6103742148677607,
      1.219083377871162,
      1.2797576237899184
    ],
    [
      1.3190350164989622,
      1.4220646190619624,
      1.006240729107749,
      1.8325948729188621,
      -1.0249015601756435,
      0.9976330588318482,
      1.216014109790461,
      1.0606447253085605,
      1.1859302375244878,
      1.195604252775695,
      1.181426626941374,
      1.3671819168579677,
      1.078689708176241,
      1.0073668478102296,
      0.8005240781095055,
      0.7573511800276043,
      0.8701304930132351,
      0.8265761017234343,
      0.9678678434535823,
      0.8325897438086984,
      0.9241219075949264,
      0.9606254970183766,
      1.1082730300985557,
      0.9885445467027743,
      1.3432176529905153,
      1.0600666613721905,
      0.9091750674911879,
      0.7147956523712345,
      0.9135576977764468,
      1.0468186465183478,
      0.9753695285492764,
      0.8859688899168299,
      0.8194245796499333,
      0.8625734610871597,
      0.8957786635633537,
      0.7758676097532387,
      1.265853806398014,
      1.078134535122329,
      0.9006559302395932,
      0.8138737259094405,
      0.8391357447380557,
      0.8684776967273873,
      1.0094816681927015,
      1.4589941914852853,
      1.2667582195101375,
      0.9001623547862059,
      0.7250990879654281,
      1.0705097544620565,
      0.8103570356622697,
      0.8506906752608214
    ],
    [
      1.0330478269440837,
      1.111151805766652,
      0.7760959822745792,
      1.3934796399437939,
      0.9976330588318482,
      -0.08160131517451852,
      1.0216102514809664,
      0.8517831796854554,
      0.9289330830784422,
      0.9346717647320238,
      0.9185025631858613,
      1.0547338358747302,
      0.8364182679509806,
      0.8233604443368541,
      0.6581041261403014,
      0.6065879045696245,
      0.6817707760140437,
      0.6469359982872886,
      0.7564894283663287,
      0.6497243931508223,
      0.7245941558470411,
      0.7590876464273187,
      0.8760149642346678,
      0.7794021749985186,
      1.0529704548790089,
      0.8307969314027929,
      0.7123019039126196,
      0.5599764004620942,
      0.7164944641393015,
      0.8219172222092217,
      0.7662291893520734,
      0.6957729634571379,
      0.642411325517171,
      0.6762074735736121,
      0.7022215943084246,
      0.6082512839914025,
      0.9925571186840569,
      0.8455425917078028,
      0.7064654865904555,
      0.6383787545790595,
      0.6579014462278766,
      0.6809009169886668,
      0.7914530872402222,
      1.1439008436949496,
      0.9932083337599966,
      0.7058136466416113,
      0.5685726503094516,
      0.8393820012622425,
      0.6353474607604629,
      0.6669697559413507
    ],
    [
      1.3516717575214408,
      1.452273150815744,
      1.0080974020944449,
      1.7975587193343128,
      1.216014109790461,
      1.0216102514809664,
      -6.392042315928438,
      1.169468457892067,
      1.2154905898683575,
      1.2217240774318097,
      1.196616102043406,
      1.3638472353836126,
      1.0546176398864797,
      1.0327820030062185,
      0.871922224788771,
      0.8154229385040941,
      0.8921663174627777,
      0.8459298044258733,
      0.9877564013754306,
      0.8447932835128855,
      0.9391177642536483,
      0.9856497202913072,
      1.14632133140637,
      1.0239971924574334,
      1.3782916900961555,
      1.0872167195306541,
      0.93163792660822,
      0.7315479807106536,
      0.9359463670146003,
      1.0743595013550071,
      1.0026764153553795,
      0.9113476973375135,
      0.8409249840821618,
      0.8851012343108537,
      0.919046403685951,
      0.79589980577256,
      1.2989288122510199,
      1.1065617663873308,
      0.9247087028761597,
      0.8357596318545619,
      0.8612412518553294,
      0.8913328346074573,
      1.036032569525379,
      1.497398184245143,
      1.3001179418243665,
      0.923908188618503,
      0.7442851242887766,
      1.0988385953149427,
      0.8317285489513842,
      0.8731212589266413
    ],
    [
      1.196068071094348,
      1.2848140701940314,
      0.8907764447327771,
      1.5861964929151384,
      1.0606447253085605,
      0.8517831796854554,
      1.169468457892067,
      -0.5648464151084296,
      1.075569104594935,
      1.0808546718001184,
      1.0578995008082712,
      1.2036450489415553,
      0.9237690277544447,
      0.8923414395884268,
      0.7554338607776558,
      0.7507206450880859,
      0.7894746586514247,
      0.7484284328533066,
      0.8735872016812085,
      0.746209180000255,
      0.828079633671521,
      0.8679831364674224,
      1.0129452893634805,
      0.9108978368252427,
      1.2197133288260897,
      0.962068614387792,
      0.8242657657067617,
      0.6469652971593625,
      0.8275669096243533,
      0.9500229950637139,
      0.8872135867632549,
      0.8073849250364378,
      0.7441795994729407,
      0.7832570456500128,
      0.8132646022147243,
      0.7042349612074755,
      1.1493587192831503,
      0.9791431481020517,
      0.8183377537373034,
      0.7397943793432682,
      0.7621671674276006,
      0.7887924798417929,
      0.916839434045124,
      1.325124274631933,
      1.150532618957123,
      0.817607611794529,
      0.6586728561901407,
      0.9724735835187356,
      0.7360523666463671,
      0.7726824136110602
    ],
    [
      1.4131827427695245,
      1.4888039211019368,
      1.018406018800376,
      1.7871377997000537,
      1.1859302375244878,
      0.9289330830784422,
      1.2154905898683575,
      1.075569104594935,
      -0.9829757743676764,
      1.3043557819902083,
      1.2154983943184998,
      1.3594002123495843,
      1.0346486492965445,
      0.9846993906874213,
      0.8002051579547546,
      0.7677412031007994,
      0.9559403158083553,
      0.8857151125206167,
      0.9995038931892778,
      0.8439484518834581,
      0.9300821292065586,
      0.9694450728621001,
      1.125677100704221,
      1.007085576912937,
      1.387170026158127,
      1.0940874417363844,
      0.9333145713029679,
      0.7298736417148278,
      0.9306491366465807,
      1.0666514035187395,
      0.9945482596026811,
      0.9040987075459586,
      0.8404284056708129,
      0.8838324886296276,
      0.9164454407678688,
      0.792804978056405,
      1.292700255213085,
      1.100781668229356,
      0.919594855314898,
      0.8311201146630931,
      0.857950101916473,
      0.8877957314167912,
      1.0315783409102355,
      1.4905144136946442,
      1.293979216429488,
      0.9194313551462227,
      0.740605014797309,
      1.0934804302133367,
      0.8279671141700461,
      0.8691435735491214
    ],
    [
      1.3956149945018061,
      1.519765105695316,
      1.0499217045124736,
      1.807223247058898,
      1.195604252775695,
      0.9346717647320238,
      1.2217240774318097,
      1.0808546718001184,
      1.3043557819902083,
      -0.973894743754995,
      1.2837989603399471,
      1.384455681711438,
      1.0451121680058806,
      0.9910571988556676,
      0.8045304719069012,
      0.7715704999077633,
      0.9362267833698528,
      0.9137313203637234,
      1.0309252330364318,
      0.8595290806596415,
      0.9385438182592533,
      0.9753857966318425,
      1.1314824871597375,
      1.0120435284407476,
      1.390471391220061,
      1.1025655896105642,
      0.9434439979430063,
      0.7371241227392012,
      0.9368377802399004,
      1.072436340625133,
      0.9995569458258807,
      0.9085174466102971,
      0.8439201943956426,
      0.8885874940461613,
      0.9219290348967217,
      0.7975401308963641,
      1.299447064117809,
      1.106318826826492,
      0.9241127651224298,
      0.8351488449631065,
      0.8619732611612396,
      0.8921464883734306,
      1.0367384919506473,
      1.4978781823322647,
      1.3003351731748172,
      0.9239242587674772,
      0.7441975907594419,
      1.0987457189372463,
      0.831924285687557,
      0.8733323830632954
    ],
    [
      1.3396976536613694,
      1.4643686089831656,
      1.0522106441793324,
      1.7952538710683807,
      1.181426626941374,
      0.9185025631858613,
      1.196616102043406,
      1.0578995008082712,
      1.2154983943184998,
      1.2837989603399471,
      -5.967995621056367,
      1.4176999593851796,
      1.0412627472904328,
      0.9751976208005939,
      0.7887927122640688,
      0.7553854659937872,
      0.8902414714826568,
      0.8714809082014447,
      1.033576365537099,
      0.8680376632613391,
      0.9299454885135879,
      0.9583530443088821,
      1.1083323597007915,
      0.9905785348840852,
      1.3550058451846227,
      1.0757886764418882,
      0.9266029781143662,
      0.7270149041342626,
      0.9204110722164762,
      1.0510079610285648,
      0.9786292909840006,
      0.8891209187494757,
      0.8246541974288619,
      0.8689343535624696,
      0.9025963223044783,
      0.781438681802046,
      1.2723196173923772,
      1.0829623676652256,
      0.9043989149018563,
      0.8172054331401992,
      0.8431507546807782,
      0.8727920104186988,
      1.0144411890383784,
      1.4657289630777095,
      1.2724497534419636,
      0.904105201132807,
      0.7281955424208865,
      1.0750389098923727,
      0.813908525495069,
      0.8544461713144921
    ],
    [
      1.5088342001059634,
      1.631713506954465,
      1.1626437941694199,
      2.0585431735294693,
      1.3671819168579677,
      1.0547338358747302,
      1.3638472353836126,
      1.2036450489415553,
      1.3594002123495843,
      1.384455681711438,
      1.4176999593851796,
      -1.473929138744201,
      1.242517069030474,
      1.1259370826506045,
      0.9017566211672379,
      0.8601343571171275,
      0.9979376434542366,
      0.9578154597946658,
      1.141512973908864,
      1.0045841301649345,
      1.0813301181691297,
      1.1000487114333104,
      1.2635154922518665,
      1.1271328298768384,
      1.5354942876730229,
      1.2154309474884104,
      1.0478089586673027,
      0.8279676704183603,
      1.0509597404612316,
      1.1979936410307177,
      1.1139275234226453,
      1.0112206279812725,
      0.9361356986940863,
      0.9861572452776719,
      1.0249133746248602,
      0.888326003084548,
      1.4469927674717273,
      1.2317315973944807,
      1.028454037238807,
      0.9290923017376296,
      0.9580745722923795,
      0.9917363674562262,
      1.152844805923076,
      1.6659890737633452,
      1.4464486624947772,
      1.0278046092052382,
      0.8278149411602633,
      1.2219935282152992,
      0.9250520062627261,
      0.9711269249407105
    ],
    [
      1.1498351802661873,
      1.238870126342986,
      0.8717283714463,
      1.564373612719749,
      1.078689708176241,
      0.8364182679509806,
      1.0546176398864797,
      0.9237690277544447,
      1.0346486492965445,
      1.0451121680058806,
      1.0412627472904328,
      1.242517069030474,
      -0.4291392076879239,
      0.9288157478140644,
      0.7091758625000915,
      0.6630247103503119,
      0.7596043053451993,
      0.7241372096451012,
      0.8556035359570314,
      0.7594114006848501,
      0.8603188861944646,
      0.8710385890222829,
      0.9780146912100692,
      0.8653481556392989,
      1.1717288276036883,
      0.9261192124807841,
      0.7975112298049255,
      0.6327685354685773,
      0.8088818018272526,
      0.9222402028668812,
      0.8552223489102462,
      0.7743334578143929,
      0.7147019495330649,
      0.7527379131857932,
      0.7824385653789957,
      0.6788045051632458,
      1.106440899745416,
      0.9423335477139203,
      0.7866907718863327,
      0.7102794374363247,
      0.7316982253702282,
      0.7573935116427947,
      0.8804966781062902,
      1.2725748685731648,
      1.1050525814585783,
      0.7853617377703779,
      0.6325599671393058,
      0.9335335698169411,
      0.706535770631567,
      0.7417283884913827
    ],
    [
      1.0948249877481115,
      1.1771719060945163,
      0.8202089049211819,
      1.466510412440647,
      1.0073668478102296,
      0.8233604443368541,
      1.0327820030062185,
      0.8923414395884268,
      0.9846993906874213,
      0.9910571988556676,
      0.9751976208005939,
      1.1259370826506045,
      0.9288157478140644,
      -0.22717298547268783,
      0.7398118333729087,
      0.650926614716883,
      0.7228509569451227,
      0.686515147596931,
      0.8048177223375956,
      0.6992281762275112,
      0.7992657014475524,
      0.8563133372784353,
      0.9597633571531209,
      0.8366796167810215,
      1.1162706334426604,
      0.8811771222783938,
      0.756730269507712,
      0.5980435032073327,
      0.7684637711369124,
      0.8829310720977261,
      0.8211798563600593,
      0.7419805210983884,
      0.6810182720812269,
      0.7170099657761289,
      0.7449733534289705,
      0.646081452545852,
      1.0542947344339204,
      0.8988957255635104,
      0.7510530597364552,
      0.6780149431832115,
      0.6973803286843869,
      0.7218144948611076,
      0.8391009455098845,
      1.2128379867651153,
      1.0532785881563806,
      0.7487296855907606,
      0.6031877113129934,
      0.8900644709656036,
      0.6734481537213441,
      0.7069820238633656
    ],
    [
      0.8898015177964081,
      0.9561064335844044,
      0.6639337060598471,
      1.1839895783021905,
      0.8005240781095055,
      0.6581041261403014,
      0.871922224788771,
      0.7554338607776558,
      0.8002051579547546,
      0.8045304719069012,
      0.7887927122640688,
      0.9017566211672379,
      0.7091758625000915,
      0.7398118333729087,
      -4.329105460255496,
      0.5967324279062537,
      0.587384334719483,
      0.5571970901008322,
      0.6514099690026667,
      0.5601751246994677,
      0.6313502206835501,
      0.6849440792386992,
      0.8125177526694942,
      0.7101871501271056,
      0.9073593274081063,
      0.7159215024211049,
      0.6140090055884586,
      0.48366563459043194,
      0.6213591939086776,
      0.7174311231561731,
      0.673181402892505,
      0.6101260407237801,
      0.5535951785371538,
      0.5827539002406055,
      0.6053001378925909,
      0.5246846803368399,
      0.8566072488907358,
      0.7309329656067503,
      0.6116907650133246,
      0.5526731460249145,
      0.566944966214306,
      0.5867827652711117,
      0.6820984167831552,
      0.9859209396757517,
      0.8562376857784398,
      0.6087746221568137,
      0.4906156309660117,
      0.7239253548073152,
      0.5475058843244215,
      0.5747627333830433
    ],
    [
      0.8537382828945093,
      0.9171038216642547,
      0.6359038790683048,
      1.1324028809305822,
      0.7573511800276043,
      0.6065879045696245,
      0.8154229385040941,
      0.7507206450880859,
      0.7677412031007994,
      0.7715704999077633,
      0.7553854659937872,
      0.8601343571171275,
      0.6630247103503119,
      0.650926614716883,
      0.5967324279062537,
      0.6869718777070997,
      0.5635377241127988,
      0.534307608795311,
      0.6238790356671391,
      0.5337757873996716,
      0.594990618741188,
      0.6323488315161159,
      0.7584677711251955,
      0.7072544941444483,
      0.8706280406023449,
      0.6867777348232156,
      0.5885782036900845,
      0.4625106128142361,
      0.5927591893836066,
      0.6832589628968526,
      0.6433254810220305,
      0.5892529665249813,
      0.5311934963279936,
      0.5591137655117446,
      0.580609472749306,
      0.5029833359697414,
      0.8211429872692583,
      0.7004307875583122,
      0.5865940255478843,
      0.5309917869621978,
      0.5440256282197387,
      0.5630419985306245,
      0.6544680924919277,
      0.9459566817025904,
      0.8214561556666375,
      0.5839984513574191,
      0.4707349250126859,
      0.6947990417310125,
      0.5253814471331111,
      0.5515314435196194
    ],
    [
      1.002756695062391,
      1.0726058972806884,
      0.7412490121102854,
      1.3102141532691336,
      0.8701304930132351,
      0.6817707760140437,
      0.8921663174627777,
      0.7894746586514247,
      0.9559403158083553,
      0.9362267833698528,
      0.8902414714826568,
      0.9979376434542366,
      0.7596043053451993,
      0.7228509569451227,
      0.587384334719483,
      0.5635377241127988,
      -4.7670481425930795,
      0.7068709543789248,
      0.7473397073238783,
      0.6230254863462196,
      0.683655908812304,
      0.7118510274385373,
      0.8263332128693591,
      0.7392313693524435,
      1.074957436374504,
      0.8383157714719182,
      0.6977723898871337,
      0.5396237629889202,
      0.6842396170890367,
      0.783258142232372,
      0.73010084720807,
      0.6636431938365097,
      0.6297694664338549,
      0.6587386803297046,
      0.6778054699940206,
      0.5839746771571762,
      0.9495696682352356,
      0.8082165580554809,
      0.6750635621133052,
      0.6100716239095623,
      0.6326687981508884,
      0.6541184547148878,
      0.7587191621585994,
      1.094802237333097,
      0.9501059625315533,
      0.6749885014041171,
      0.5436517578725224,
      0.8026377796026638,
      0.6083992724348216,
      0.6385438883326068
    ],
    [
      0.948033844627899,
      1.020657192560893,
      0.7086594820682108,
      1.2458600854675541,
      0.8265761017234343,
      0.6469359982872886,
      0.8459298044258733,
      0.7484284328533066,
      0.8857151125206167,
      0.9137313203637234,
      0.8714809082014447,
      0.9578154597946658,
      0.7241372096451012,
      0.686515147596931,
      0.5571970901008322,
      0.534307608795311,
      0.7068709543789248,
      -4.656547991950909,
      0.7724440136852406,
      0.6095986747719648,
      0.653696675895573,
      0.6764489548138715,
      0.7837865351624879,
      0.7008711546647486,
      0.9985811690013516,
      0.8208745200767257,
      0.6890378727803815,
      0.5234016052602257,
      0.6527153109414711,
      0.7437834677319631,
      0.6924823356130291,
      0.6291995311607511,
      0.5944927287898009,
      0.6283341144825053,
      0.648509727795212,
      0.5574601455796349,
      0.9018879571410198,
      0.7668018335193304,
      0.640139915218354,
      0.5783724320531053,
      0.5993695000446558,
      0.6207239901289993,
      0.7203852648135765,
      1.038754680746459,
      0.9011778807218107,
      0.6400892671074169,
      0.5154385250379059,
      0.760866307239771,
      0.5766559406238909,
      0.6054088391381836
    ],
    [
      1.0985830999065456,
      1.1851749223587495,
      0.8282253140591257,
      1.4584512453851097,
      0.9678678434535823,
      0.7564894283663287,
      0.9877564013754306,
      0.8735872016812085,
      0.9995038931892778,
      1.0309252330364318,
      1.033576365537099,
      1.141512973908864,
      0.8556035359570314,
      0.8048177223375956,
      0.6514099690026667,
      0.6238790356671391,
      0.7473397073238783,
      0.7724440136852406,
      -0.20688261913750594,
      0.7696008779762139,
      0.7801310581855413,
      0.7945194576525204,
      0.9161622523668516,
      0.8183308053214204,
      1.1312068116564822,
      0.9226153255200649,
      0.8206186218038367,
      0.6345650236549487,
      0.7722771428539255,
      0.8716606679488716,
      0.8092869760857434,
      0.7346153329374623,
      0.6860306698741558,
      0.727372362557912,
      0.7580150583999564,
      0.6551101582895116,
      1.0557553212418311,
      0.8963742494967498,
      0.747617053179911,
      0.6751444199489878,
      0.6978404108907951,
      0.7232386215737168,
      0.8406748239937797,
      1.212942318004401,
      1.052396326025825,
      0.7474217179496326,
      0.6017143012319109,
      0.8879816426987235,
      0.6725972659152949,
      0.7062528957536504
    ],
    [
      0.9346960550163309,
      1.0074950272523562,
      0.7057606595800272,
      1.2496800825958718,
      0.8325897438086984,
      0.6497243931508223,
      0.8447932835128855,
      0.746209180000255,
      0.8439484518834581,
      0.8595290806596415,
      0.8680376632613391,
      1.0045841301649345,
      0.7594114006848501,
      0.6992281762275112,
      0.5601751246994677,
      0.5337757873996716,
      0.6230254863462196,
      0.6095986747719648,
      0.7696008779762139,
      -4.6424148020664795,
      0.7322823198100551,
      0.6977939495445636,
      0.7877036121944013,
      0.7000873948222975,
      0.9563241721771617,
      0.7671105156852343,
      0.6863541850352405,
      0.571926829636362,
      0.6883076690120538,
      0.7562980789546352,
      0.6949211476179041,
      0.6282835449130201,
      0.5826325869334745,
      0.6168337032223566,
      0.6458613241436365,
      0.5641166170372857,
      0.9075821388695552,
      0.7691082045258218,
      0.6398768584812189,
      0.5768709280870082,
      0.594862589344242,
      0.6165391812724794,
      0.7173993672475605,
      1.0360550313961634,
      0.8994557540123981,
      0.6389041940593653,
      0.514091851714948,
      0.7580579000921114,
      0.5738399133725206,
      0.6025910539246626
    ],
    [
      1.0332131885942755,
      1.1114021913564813,
      0.7746732390577425,
      1.3791339632853088,
      0.9241219075949264,
      0.7245941558470411,
      0.9391177642536483,
      0.828079633671521,
      0.9300821292065586,
      0.9385438182592533,
      0.9299454885135879,
      1.0813301181691297,
      0.8603188861944646,
      0.7992657014475524,
      0.6313502206835501,
      0.594990618741188,
      0.683655908812304,
      0.653696675895573,
      0.7801310581855413,
      0.7322823198100551,
      0.02046449534800221,
      0.8326522900262043,
      0.8901968071272419,
      0.7806662477131967,
      1.0545251476450521,
      0.8361558146377834,
      0.7287186300834758,
      0.6021870811698314,
      0.7815134338319305,
      0.8624651849855671,
      0.7806094690634728,
      0.6996779860528086,
      0.6432708542376859,
      0.6787135722053582,
      0.7083423397646745,
      0.619850849879274,
      1.0071621707384493,
      0.8568025058037888,
      0.7121657028635471,
      0.6405371323887906,
      0.6581958630942752,
      0.6817136492595159,
      0.793146955869854,
      1.1465855465993173,
      0.9964003256513048,
      0.7085088266529052,
      0.570215150951316,
      0.8400896398129301,
      0.6353839094351021,
      0.667140204562643
    ],
    [
      1.077757362253776,
      1.1582373472661696,
      0.804560574640994,
      1.433315434981382,
      0.9606254970183766,
      0.7590876464273187,
      0.9856497202913072,
      0.8679831364674224,
      0.9694450728621001,
      0.9753857966318425,
      0.9583530443088821,
      1.1000487114333104,
      0.8710385890222829,
      0.8563133372784353,
      0.6849440792386992,
      0.6323488315161159,
      0.7118510274385373,
      0.6764489548138715,
      0.7945194576525204,
      0.6977939495445636,
      0.8326522900262043,
      -0.2191809976557968,
      0.9906792457414412,
      0.833129961234925,
      1.099330020429761,
      0.8684961448171034,
      0.7482872048240137,
      0.5999217814788809,
      0.7888305456862822,
      0.922229724921835,
      0.8407350897473743,
      0.7416435550560454,
      0.6707298269342162,
      0.7065873756817457,
      0.7353167873262514,
      0.6407905534843119,
      1.0473187848885952,
      0.8970693213393469,
      0.7487440763392829,
      0.6722325758073101,
      0.6867498184664658,
      0.7109842532759894,
      0.826867206705309,
      1.1955797370886938,
      1.0393603316926625,
      0.7399328003072206,
      0.5961965149997429,
      0.8777738259125506,
      0.663125734636925,
      0.6962013135013981
    ],
    [
      1.2517064844268073,
      1.3446608368586284,
      0.9324698630196457,
      1.6602307259129925,
      1.1082730300985557,
      0.8760149642346678,
      1.14632133140637,
      1.0129452893634805,
      1.125677100704221,
      1.1314824871597375,
      1.1083323597007915,
      1.2635154922518665,
      0.9780146912100692,
      0.9597633571531209,
      0.8125177526694942,
      0.7584677711251955,
      0.8263332128693591,
      0.7837865351624879,
      0.9161622523668516,
      0.7877036121944013,
      0.8901968071272419,
      0.9906792457414412,
      -0.7569896230813598,
      1.026193530542809,
      1.2765562714071292,
      1.00730257748805,
      0.8642848958741871,
      0.682502169797313,
      0.8825112038207115,
      1.0363849728026038,
      0.9934382450077254,
      0.8854204663432961,
      0.7788717161821217,
      0.8199851676957163,
      0.8520177388236361,
      0.7395691787131072,
      1.2089918193148876,
      1.0363199268260088,
      0.8710969517855446,
      0.7855308901569706,
      0.7976444029497424,
      0.8256053835752439,
      0.9598453885077869,
      1.3876259467316254,
      1.2058170191227942,
      0.8584633359950582,
      0.692623981717371,
      1.020465890292852,
      0.770284040884425,
      0.8086519980362082
    ],
    [
      1.1198883007931224,
      1.2029278007567845,
      0.8337635432845552,
      1.4840445876273392,
      0.9885445467027743,
      0.7794021749985186,
      1.0239971924574334,
      0.9108978368252427,
      1.007085576912937,
      1.0120435284407476,
      0.9905785348840852,
      1.1271328298768384,
      0.8653481556392989,
      0.8366796167810215,
      0.7101871501271056,
      0.7072544941444483,
      0.7392313693524435,
      0.7008711546647486,
      0.8183308053214204,
      0.7000873948222975,
      0.7806662477131967,
      0.833129961234925,
      1.026193530542809,
      -0.3763983503535133,
      1.142082472897818,
      0.9009319776440341,
      0.7722127670473099,
      0.607262826671995,
      0.7798790211756834,
      0.9052443186451238,
      0.8721131630963217,
      0.8208007622141267,
      0.6968221526714042,
      0.7334759025784587,
      0.7617742866509496,
      0.6602824153945576,
      1.0786583290539133,
      0.9228481041892912,
      0.7777586616317892,
      0.7074062262572857,
      0.7136529981990377,
      0.7386168756367019,
      0.8586034938432998,
      1.241124308969215,
      1.078160721707013,
      0.767326197027125,
      0.6195643890044591,
      0.9138925240663286,
      0.6891921725471137,
      0.7235039586094308
    ],
    [
      1.5288909894885796,
      1.641367864436169,
      1.1371074184280578,
      2.021036641889898,
      1.3432176529905153,
      1.0529704548790089,
      1.3782916900961555,
      1.2197133288260897,
      1.387170026158127,
      1.390471391220061,
      1.3550058451846227,
      1.5354942876730229,
      1.1717288276036883,
      1.1162706334426604,
      0.9073593274081063,
      0.8706280406023449,
      1.074957436374504,
      0.9985811690013516,
      1.1312068116564822,
      0.9563241721771617,
      1.0545251476450521,
      1.099330020429761,
      1.2765562714071292,
      1.142082472897818,
      -6.645681961008723,
      1.3162430713625821,
      1.0776394906650353,
      0.8325201294206912,
      1.0566095501566113,
      1.2099440254788223,
      1.12794869283091,
      1.025316413467677,
      1.017223147707966,
      1.0431647220695361,
      1.0546884936526926,
      0.9039277665908328,
      1.4674133080939826,
      1.2487498271360218,
      1.0429831638834457,
      0.9425662823594785,
      0.9875223169504007,
      1.0182053644138018,
      1.175833637733767,
      1.6927630262653581,
      1.4683094441994093,
      1.0429693597896117,
      0.8399749855575428,
      1.2400925190617502,
      0.9422650996473004,
      0.9884572369487234
    ],
    [
      1.2060982282518087,
      1.2957558660683302,
      0.8983658565773511,
      1.595189992630941,
      1.0600666613721905,
      0.8307969314027929,
      1.0872167195306541,
      0.962068614387792,
      1.0940874417363844,
      1.1025655896105642,
      1.0757886764418882,
      1.2154309474884104,
      0.9261192124807841,
      0.8811771222783938,
      0.7159215024211049,
      0.6867777348232156,
      0.8383157714719182,
      0.8208745200767257,
      0.9226153255200649,
      0.7671105156852343,
      0.8361558146377834,
      0.8684961448171034,
      1.00730257748805,
      0.9009319776440341,
      1.3162430713625821,
      -5.647430272599303,
      0.9183030956543693,
      0.6769764111928437,
      0.8394361152032761,
      0.9561230506238084,
      0.8901848272230692,
      0.8088587113827105,
      0.7928283356182951,
      0.8559999969696536,
      0.8622707435541948,
      0.7258136907087298,
      1.1618325318993665,
      0.9863569785236387,
      0.8230797501800544,
      0.7435686853242579,
      0.7788891281592448,
      0.8089349391170525,
      0.934463291099584,
      1.339484995972119,
      1.160054465302629,
      0.8233700242487727,
      0.6627771635485112,
      0.9781874736607665,
      0.7434122761633958,
      0.7807816415237866
    ],
    [
      1.0325352102491103,
      1.10998310624758,
      0.7705390223117836,
      1.3678826255793246,
      0.9091750674911879,
      0.7123019039126196,
      0.93163792660822,
      0.8242657657067617,
      0.9333145713029679,
      0.9434439979430063,
      0.9266029781143662,
      1.0478089586673027,
      0.7975112298049255,
      0.756730269507712,
      0.6140090055884586,
      0.5885782036900845,
      0.6977723898871337,
      0.6890378727803815,
      0.8206186218038367,
      0.6863541850352405,
      0.7287186300834758,
      0.7482872048240137,
      0.8642848958741871,
      0.7722127670473099,
      1.0776394906650353,
      0.9183030956543693,
      0.011228689131991487,
      0.6464614617419823,
      0.7389061523766299,
      0.8249567108790459,
      0.7643303826221163,
      0.6934299860300228,
      0.6588160718272085,
      0.719177455400713,
      0.7688822119740645,
      0.6509815386444351,
      1.007736978318729,
      0.8492706105487362,
      0.7064791268354775,
      0.6374111710473918,
      0.6633155841006872,
      0.6919220268372659,
      0.8055228532427017,
      1.1540710085057726,
      0.997921272017934,
      0.7072219541883359,
      0.568490507445,
      0.8382175501847704,
      0.6361820269257621,
      0.6688353729686853
    ],
    [
      0.8095496073063652,
      0.8703861365607335,
      0.604755895887351,
      1.0743436547654925,
      0.7147956523712345,
      0.5599764004620942,
      0.7315479807106536,
      0.6469652971593625,
      0.7298736417148278,
      0.7371241227392012,
      0.7270149041342626,
      0.8279676704183603,
      0.6327685354685773,
      0.5980435032073327,
      0.48366563459043194,
      0.4625106128142361,
      0.5396237629889202,
      0.5234016052602257,
      0.6345650236549487,
      0.571926829636362,
      0.6021870811698314,
      0.5999217814788809,
      0.682502169797313,
      0.607262826671995,
      0.8325201294206912,
      0.6769764111928437,
      0.6464614617419823,
      0.9948214841936878,
      0.6481557350315424,
      0.6675953013078553,
      0.6057210385662002,
      0.5458364262932587,
      0.509048198020781,
      0.5470616219293168,
      0.5940245829064728,
      0.5441364418282686,
      0.8210991398786474,
      0.679178356112554,
      0.5587145631915271,
      0.5015129402078766,
      0.5180454988387461,
      0.5398087297282593,
      0.6320376888532382,
      0.9113228623572347,
      0.7899938103501557,
      0.5592131107905959,
      0.4479670005190862,
      0.6583732589989872,
      0.49859256597071155,
      0.5242897117644304
    ],
    [
      1.0341956225279967,
      1.111322737163762,
      0.77125037402498,
      1.3720352270468024,
      0.9135576977764468,
      0.7164944641393015,
      0.9359463670146003,
      0.8275669096243533,
      0.9306491366465807,
      0.9368377802399004,
      0.9204110722164762,
      1.0509597404612316,
      0.8088818018272526,
      0.7684637711369124,
      0.6213591939086776,
      0.5927591893836066,
      0.6842396170890367,
      0.6527153109414711,
      0.7722771428539255,
      0.6883076690120538,
      0.7815134338319305,
      0.7888305456862822,
      0.8825112038207115,
      0.7798790211756834,
      1.0566095501566113,
      0.8394361152032761,
      0.7389061523766299,
      0.6481557350315424,
      4.35756260692699e-05,
      0.9088324322959442,
      0.7908763425832899,
      0.7027496083131284,
      0.6451246215950921,
      0.6829260632365032,
      0.7204360683931444,
      0.6528272538673004,
      1.0613277755675947,
      0.8901414751563549,
      0.7242652781608673,
      0.6446912757738101,
      0.6598118026033194,
      0.684556835990989,
      0.7989916879612621,
      1.1575450357621209,
      1.009872370532131,
      0.7187984469269675,
      0.5757189767762194,
      0.8431750287699422,
      0.6366334443150585,
      0.6688383288447857
    ],
    [
      1.1859225989127489,
      1.2740193169096767,
      0.8834227550657375,
      1.5722086128273565,
      1.0468186465183478,
      0.8219172222092217,
      1.0743595013550071,
      0.9500229950637139,
      1.0666514035187395,
      1.072436340625133,
      1.0510079610285648,
      1.1979936410307177,
      0.9222402028668812,
      0.8829310720977261,
      0.7174311231561731,
      0.6832589628968526,
      0.783258142232372,
      0.7437834677319631,
      0.8716606679488716,
      0.7562980789546352,
      0.8624651849855671,
      0.922229724921835,
      1.0363849728026038,
      0.9052443186451238,
      1.2099440254788223,
      0.9561230506238084,
      0.8249567108790459,
      0.6675953013078553,
      0.9088324322959442,
      -0.4560596727538613,
      0.9659562676887948,
      0.8235694946724501,
      0.7383831509967121,
      0.7784150480629666,
      0.8121668163721558,
      0.7155976698898427,
      1.1834652175314275,
      1.0383780022472464,
      0.8548637703470324,
      0.7502016968208989,
      0.7559889822496982,
      0.7830532592142696,
      0.9117275673832712,
      1.3202587845470157,
      1.1527952427880384,
      0.8259456338938665,
      0.6650640912067574,
