{
  "task": "B1",
  "parameters": {
    "eta": 0.3,
    "ell_km": 10.0
  },
  "n_sites": 50,
  "n_pairs": 1225,
  "site_ids": [
    "GA_001",
    "GA_002",
    "GA_003",
    "GA_004",
    "GA_005",
    "GA_006",
    "GA_007",
    "GA_008",
    "GA_009",
    "GA_010",
    "GA_011",
    "GA_012",
    "GA_013",
    "GA_014",
    "GA_015",
    "GA_016",
    "GA_017",
    "GA_018",
    "GA_019",
    "GA_020",
    "GA_021",
    "GA_022",
    "GA_023",
    "GA_024",
    "GA_025",
    "GA_026",
    "GA_027",
    "GA_028",
    "GA_029",
    "GA_030",
    "GA_031",
    "GA_032",
    "GA_033",
    "GA_034",
    "GA_035",
    "GA_036",
    "GA_037",
    "GA_038",
    "GA_039",
    "GA_040",
    "GA_041",
    "GA_042",
    "GA_043",
    "GA_044",
    "GA_045",
    "GA_046",
    "GA_047",
    "GA_048",
    "GA_049",
    "GA_050"
  ],
  "distance_matrix_km": [
    [
      0.0,
      12.1701229050344,
      24.340336248447723,
      36.51044649820368,
      48.68063874921353,
      60.85071946962245,
      73.02087375367708,
      85.19090806984929,
      14.825953154298992,
      19.17571519068012,
      28.48525841537489,
      39.38155722133373,
      50.85479164998932,
      62.588343605161946,
      74.4593759504581,
      86.41108723630632,
      29.652017503524743,
      32.04571806749474,
      38.34045054689322,
      46.99383934168386,
      56.9405906661602,
      67.61214691544447,
      78.71438490233834,
      90.08806394449593,
      44.477970657823334,
      46.10598641642428,
      50.67724038919428,
      57.49386490306951,
      65.86241601742192,
      75.26689321502643,
      85.36571559007292,
      95.93972527904532,
      59.303923812122335,
      60.53274452340021,
      64.07800616208276,
      69.58650032990036,
      76.63611446301407,
      84.84345834235349,
      93.90556388907335,
      103.59823396183194,
      74.12998816134846,
      75.1152318700798,
      77.99635355661444,
      82.57509907493245,
      88.58868953889781,
      95.76711587735234,
      103.86924189229566,
      112.69589722669983,
      88.95594131564746,
      89.77743040640921
    ],
    [
      12.1701229050344,
      0.0,
      12.170217561851578,
      24.340336248447723,
      36.510541154889616,
      48.68063874921353,
      60.850814126045904,
      73.02087375367708,
      19.17571519068012,
      14.825953154298992,
      19.17577517974571,
      28.48525841537489,
      39.38164485105453,
      50.85479164998932,
      62.58843550148969,
      74.4593759504581,
      32.04571806749474,
      29.652017503524743,
      32.04575391239846,
      38.34045054689322,
      46.99391267086711,
      56.9405906661602,
      67.61223186091902,
      78.71438490233834,
      46.10598641642428,
      44.477970657823334,
      46.10601129417313,
      50.67724038919428,
      57.493924753492884,
      65.86241601742192,
      75.26696941097376,
      85.36571559007292,
      60.53274452340021,
      59.303923812122335,
      60.532763444502656,
      64.07800616208276,
      69.58654970774859,
      76.63611446301407,
      84.84352583957474,
      93.90556388907335,
      75.1152318700798,
      74.12998816134846,
      75.11524709568855,
      77.99635355661444,
      82.5751406252116,
      88.58868953889781,
      95.76717558826763,
      103.86924189229566,
      89.77743040640921,
      88.95594131564746
    ],
    [
      24.340336248447723,
      12.170217561851578,
      0.0,
      12.1701229050344,
      24.340336248447723,
      36.51044649820368,
      48.68063874921353,
      60.85071946962245,
      28.48525841537489,
      19.17577517974571,
      14.825953154298992,
      19.17571519068012,
      28.48525841537489,
      39.38155722133373,
      50.85479164998932,
      62.588343605161946,
      38.34045054689322,
      32.04575391239846,
      29.652017503524743,
      32.04571806749474,
      38.34045054689322,
      46.99383934168386,
      56.9405906661602,
      67.61214691544447,
      50.67724038919428,
      46.10601129417313,
      44.477970657823334,
      46.10598641642428,
      50.67724038919428,
      57.49386490306951,
      65.86241601742192,
      75.26689321502643,
      64.07800616208276,
      60.532763444502656,
      59.303923812122335,
      60.53274452340021,
      64.07800616208276,
      69.58650032990036,
      76.63611446301407,
      84.84345834235349,
      77.99635355661444,
      75.11524709568855,
      74.12998816134846,
      75.1152318700798,
      77.99635355661444,
      82.57509907493245,
      88.58868953889781,
      95.76711587735234,
      92.19801470328804,
      89.77744312675354
    ],
    [
      36.51044649820368,
      24.340336248447723,
      12.1701229050344,
      0.0,
      12.170217561851578,
      24.340336248447723,
      36.510541154889616,
      48.68063874921353,
      39.38155722133373,
      28.48525841537489,
      19.17571519068012,
      14.825953154298992,
      19.17577517974571,
      28.48525841537489,
      39.38164485105453,
      50.85479164998932,
      46.99383934168386,
      38.34045054689322,
      32.04571806749474,
      29.652017503524743,
      32.04575391239846,
      38.34045054689322,
      46.99391267086711,
      56.9405906661602,
      57.49386490306951,
      50.67724038919428,
      46.10598641642428,
      44.477970657823334,
      46.10601129417313,
      50.67724038919428,
      57.493924753492884,
      65.86241601742192,
      69.58650032990036,
      64.07800616208276,
      60.53274452340021,
      59.303923812122335,
      60.532763444502656,
      64.07800616208276,
      69.58654970774859,
      76.63611446301407,
      82.57509907493245,
      77.99635355661444,
      75.1152318700798,
      74.12998816134846,
      75.11524709568855,
      77.99635355661444,
      82.5751406252116,
      88.58868953889781,
      96.0968924225567,
      92.19801470328804
    ],
    [
      48.68063874921353,
      36.510541154889616,
      24.340336248447723,
      12.170217561851578,
      0.0,
      12.1701229050344,
      24.340336248447723,
      36.51044649820368,
      50.85479164998932,
      39.38164485105453,
      28.48525841537489,
      19.17577517974571,
      14.825953154298992,
      19.17571519068012,
      28.48525841537489,
      39.38155722133373,
      56.9405906661602,
      46.99391267086711,
      38.34045054689322,
      32.04575391239846,
      29.652017503524743,
      32.04571806749474,
      38.34045054689322,
      46.99383934168386,
      65.86241601742192,
      57.493924753492884,
      50.67724038919428,
      46.10601129417313,
      44.477970657823334,
      46.10598641642428,
      50.67724038919428,
      57.49386490306951,
      76.63611446301407,
      69.58654970774859,
      64.07800616208276,
      60.532763444502656,
      59.303923812122335,
      60.53274452340021,
      64.07800616208276,
      69.58650032990036,
      88.58868953889781,
      82.5751406252116,
      77.99635355661444,
      75.11524709568855,
      74.12998816134846,
      75.1152318700798,
      77.99635355661444,
      82.57509907493245,
      101.30357270796713,
      96.09692807399693
    ],
    [
      60.85071946962245,
      48.68063874921353,
      36.51044649820368,
      24.340336248447723,
      12.1701229050344,
      0.0,
      12.170217561851578,
      24.340336248447723,
      62.588343605161946,
      50.85479164998932,
      39.38155722133373,
      28.48525841537489,
      19.17571519068012,
      14.825953154298992,
      19.17577517974571,
      28.48525841537489,
      67.61214691544447,
      56.9405906661602,
      46.99383934168386,
      38.34045054689322,
      32.04571806749474,
      29.652017503524743,
      32.04575391239846,
      38.34045054689322,
      75.26689321502643,
      65.86241601742192,
      57.49386490306951,
      50.67724038919428,
      46.10598641642428,
      44.477970657823334,
      46.10601129417313,
      50.67724038919428,
      84.84345834235349,
      76.63611446301407,
      69.58650032990036,
      64.07800616208276,
      60.53274452340021,
      59.303923812122335,
      60.532763444502656,
      64.07800616208276,
      95.76711587735234,
      88.58868953889781,
      82.57509907493245,
      77.99635355661444,
      75.1152318700798,
      74.12998816134846,
      75.11524709568855,
      77.99635355661444,
      107.6283410637546,
      101.30357270796713
    ],
    [
      73.02087375367708,
      60.850814126045904,
      48.68063874921353,
      36.510541154889616,
      24.340336248447723,
      12.170217561851578,
      0.0,
      12.1701229050344,
      74.4593759504581,
      62.58843550148969,
      50.85479164998932,
      39.38164485105453,
      28.48525841537489,
      19.17577517974571,
      14.825953154298992,
      19.17571519068012,
      78.71438490233834,
      67.61223186091902,
      56.9405906661602,
      46.99391267086711,
      38.34045054689322,
      32.04575391239846,
      29.652017503524743,
      32.04571806749474,
      85.36571559007292,
      75.26696941097376,
      65.86241601742192,
      57.493924753492884,
      50.67724038919428,
      46.10601129417313,
      44.477970657823334,
      46.10598641642428,
      93.90556388907335,
      84.84352583957474,
      76.63611446301407,
      69.58654970774859,
      64.07800616208276,
      60.532763444502656,
      59.303923812122335,
      60.53274452340021,
      103.86924189229566,
      95.76717558826763,
      88.58868953889781,
      82.5751406252116,
      77.99635355661444,
      75.11524709568855,
      74.12998816134846,
      75.1152318700798,
      114.88676723355907,
      107.62839411637714
    ],
    [
      85.19090806984929,
      73.02087375367708,
      60.85071946962245,
      48.68063874921353,
      36.51044649820368,
      24.340336248447723,
      12.1701229050344,
      0.0,
      86.41108723630632,
      74.4593759504581,
      62.588343605161946,
      50.85479164998932,
      39.38155722133373,
      28.48525841537489,
      19.17571519068012,
      14.825953154298992,
      90.08806394449593,
      78.71438490233834,
      67.61214691544447,
      56.9405906661602,
      46.99383934168386,
      38.34045054689322,
      32.04571806749474,
      29.652017503524743,
      95.93972527904532,
      85.36571559007292,
      75.26689321502643,
      65.86241601742192,
      57.49386490306951,
      50.67724038919428,
      46.10598641642428,
      44.477970657823334,
      103.59823396183194,
      93.90556388907335,
      84.84345834235349,
      76.63611446301407,
      69.58650032990036,
      64.07800616208276,
      60.53274452340021,
      59.303923812122335,
      112.69589722669983,
      103.86924189229566,
      95.76711587735234,
      88.58868953889781,
      82.57509907493245,
      77.99635355661444,
      75.1152318700798,
      74.12998816134846,
      122.91344468711186,
      114.88676723355907
    ],
    [
      14.825953154298992,
      19.17571519068012,
      28.48525841537489,
      39.38155722133373,
      50.85479164998932,
      62.588343605161946,
      74.4593759504581,
      86.41108723630632,
      0.0,
      12.15263262384589,
      24.305355524254466,
      36.457975415481634,
      48.61067709458495,
      60.76326727600341,
      72.91593075612656,
      85.06847424972298,
      14.82606434922575,
      19.16469260225311,
      28.455396661842443,
      39.33290164130785,
      50.78777939421138,
      62.50324988490617,
      74.356365348077,
      86.29026301670636,
      29.652017503524345,
      32.039064400369135,
      38.318201140975546,
      46.952990545569,
      56.8806505971577,
      67.53326829320305,
      78.61681635692935,
      89.97202564024742,
      44.477970657823334,
      46.101356741839886,
      50.660390042544094,
      57.460442618772014,
      65.81054270919756,
      75.1959629941159,
      85.27565384909346,
      95.83064724664219,
      59.304035007049485,
      60.52932319863999,
      64.06476818858958,
      69.55895168759025,
      76.59157301208279,
      84.78054592332884,
      93.8236759777255,
      103.49717514247939,
      74.12998816134846,
      75.11238374024077
    ],
    [
      19.17571519068012,
      14.825953154298992,
      19.17577517974571,
      28.48525841537489,
      39.38164485105453,
      50.85479164998932,
      62.58843550148969,
      74.4593759504581,
      12.15263262384589,
      0.0,
      12.152727144627026,
      24.305355524254466,
      36.458069936130734,
      48.61067709458495,
      60.763361796388416,
      72.91593075612656,
      19.16469260225311,
      14.82606434922575,
      19.164752452970706,
      28.455396661842443,
      39.332989126766165,
      50.78777939421138,
      62.503341641344626,
      74.356365348077,
      32.039064400369135,
      29.652017503524345,
      32.039100149204,
      38.318201140975546,
      46.95306372664688,
      56.8806505971577,
      67.53335309234893,
      78.61681635692935,
      46.101356741839886,
      44.477970657823334,
      46.10138155006579,
      50.660390042544094,
      57.4605023306562,
      65.81054270919756,
      75.19603904115974,
      85.27565384909346,
      60.52932319863999,
      59.304035007049485,
      60.529342065894745,
      64.06476818858958,
      69.55900094162935,
      76.59157301208279,
      84.7806132745941,
      93.8236759777255,
      75.11238374024077,
      74.12998816134846
    ],
    [
      28.48525841537489,
      19.17577517974571,
      14.825953154298992,
      19.17571519068012,
      28.48525841537489,
      39.38155722133373,
      50.85479164998932,
      62.588343605161946,
      24.305355524254466,
      12.152727144627026,
      0.0,
      12.15263262384589,
      24.305355524254466,
      36.457975415481634,
      48.61067709458495,
      60.76326727600341,
      28.455396661842443,
      19.164752452970706,
      14.82606434922575,
      19.16469260225311,
      28.455396661842443,
      39.33290164130785,
      50.78777939421138,
      62.50324988490617,
      38.318201140975546,
      32.039100149204,
      29.652017503524345,
      32.039064400369135,
      38.318201140975546,
      46.952990545569,
      56.8806505971577,
      67.53326829320305,
      50.660390042544094,
      46.10138155006579,
      44.477970657823334,
      46.101356741839886,
      50.660390042544094,
      57.460442618772014,
      65.81054270919756,
      75.1959629941159,
      64.06476818858958,
      60.529342065894745,
      59.304035007049485,
      60.52932319863999,
      64.06476818858958,
      69.55895168759025,
      76.59157301208279,
      84.78054592332884,
      77.98538121248858,
      75.11239892212146
    ],
    [
      39.38155722133373,
      28.48525841537489,
      19.17571519068012,
      14.825953154298992,
      19.17577517974571,
      28.48525841537489,
      39.38164485105453,
      50.85479164998932,
      36.457975415481634,
      24.305355524254466,
      12.15263262384589,
      0.0,
      12.152727144627026,
      24.305355524254466,
      36.458069936130734,
      48.61067709458495,
      39.33290164130785,
      28.455396661842443,
      19.16469260225311,
      14.82606434922575,
      19.164752452970706,
      28.455396661842443,
      39.332989126766165,
      50.78777939421138,
      46.952990545569,
      38.318201140975546,
      32.039064400369135,
      29.652017503524345,
      32.039100149204,
      38.318201140975546,
      46.95306372664688,
      56.8806505971577,
      57.460442618772014,
      50.660390042544094,
      46.101356741839886,
      44.477970657823334,
      46.10138155006579,
      50.660390042544094,
      57.4605023306562,
      65.81054270919756,
      69.55895168759025,
      64.06476818858958,
      60.52932319863999,
      59.304035007049485,
      60.529342065894745,
      64.06476818858958,
      69.55900094162935,
      76.59157301208279,
      82.55177861093806,
      77.98538121248858
    ],
    [
      50.85479164998932,
      39.38164485105453,
      28.48525841537489,
      19.17577517974571,
      14.825953154298992,
      19.17571519068012,
      28.48525841537489,
      39.38155722133373,
      48.61067709458495,
      36.458069936130734,
      24.305355524254466,
      12.152727144627026,
      0.0,
      12.15263262384589,
      24.305355524254466,
      36.457975415481634,
      50.78777939421138,
      39.332989126766165,
      28.455396661842443,
      19.164752452970706,
      14.82606434922575,
      19.16469260225311,
      28.455396661842443,
      39.33290164130785,
      56.8806505971577,
      46.95306372664688,
      38.318201140975546,
      32.039100149204,
      29.652017503524345,
      32.039064400369135,
      38.318201140975546,
      46.952990545569,
      65.81054270919756,
      57.4605023306562,
      50.660390042544094,
      46.10138155006579,
      44.477970657823334,
      46.101356741839886,
      50.660390042544094,
      57.460442618772014,
      76.59157301208279,
      69.55900094162935,
      64.06476818858958,
      60.529342065894745,
      59.304035007049485,
      60.52932319863999,
      64.06476818858958,
      69.55895168759025,
      88.55004211222769,
      82.55182005201655
    ],
    [
      62.588343605161946,
      50.85479164998932,
      39.38155722133373,
      28.48525841537489,
      19.17571519068012,
      14.825953154298992,
      19.17577517974571,
      28.48525841537489,
      60.76326727600341,
      48.61067709458495,
      36.457975415481634,
      24.305355524254466,
      12.15263262384589,
      0.0,
      12.152727144627026,
      24.305355524254466,
      62.50324988490617,
      50.78777939421138,
      39.33290164130785,
      28.455396661842443,
      19.16469260225311,
      14.82606434922575,
      19.164752452970706,
      28.455396661842443,
      67.53326829320305,
      56.8806505971577,
      46.952990545569,
      38.318201140975546,
      32.039064400369135,
      29.652017503524345,
      32.039100149204,
      38.318201140975546,
      75.1959629941159,
      65.81054270919756,
      57.460442618772014,
      50.660390042544094,
      46.101356741839886,
      44.477970657823334,
      46.10138155006579,
      50.660390042544094,
      84.78054592332884,
      76.59157301208279,
      69.55895168759025,
      64.06476818858958,
      60.52932319863999,
      59.304035007049485,
      60.529342065894745,
      64.06476818858958,
      95.71125156421857,
      88.55004211222769
    ],
    [
      74.4593759504581,
      62.58843550148969,
      50.85479164998932,
      39.38164485105453,
      28.48525841537489,
      19.17577517974571,
      14.825953154298992,
      19.17571519068012,
      72.91593075612656,
      60.763361796388416,
      48.61067709458495,
      36.458069936130734,
      24.305355524254466,
      12.152727144627026,
      0.0,
      12.15263262384589,
      74.356365348077,
      62.503341641344626,
      50.78777939421138,
      39.332989126766165,
      28.455396661842443,
      19.164752452970706,
      14.82606434922575,
      19.16469260225311,
      78.61681635692935,
      67.53335309234893,
      56.8806505971577,
      46.95306372664688,
      38.318201140975546,
      32.039100149204,
      29.652017503524345,
      32.039064400369135,
      85.27565384909346,
      75.19603904115974,
      65.81054270919756,
      57.4605023306562,
      50.660390042544094,
      46.10138155006579,
      44.477970657823334,
      46.101356741839886,
      93.8236759777255,
      84.7806132745941,
      76.59157301208279,
      69.55900094162935,
      64.06476818858958,
      60.529342065894745,
      59.304035007049485,
      60.52932319863999,
      103.79506709616402,
      95.71131113613396
    ],
    [
      86.41108723630632,
      74.4593759504581,
      62.588343605161946,
      50.85479164998932,
      39.38155722133373,
      28.48525841537489,
      19.17571519068012,
      14.825953154298992,
      85.06847424972298,
      72.91593075612656,
      60.76326727600341,
      48.61067709458495,
      36.457975415481634,
      24.305355524254466,
      12.15263262384589,
      0.0,
      86.29026301670636,
      74.356365348077,
      62.50324988490617,
      50.78777939421138,
      39.33290164130785,
      28.455396661842443,
      19.16469260225311,
      14.82606434922575,
      89.97202564024742,
      78.61681635692935,
      67.53326829320305,
      56.8806505971577,
      46.952990545569,
      38.318201140975546,
      32.039064400369135,
      29.652017503524345,
      95.83064724664219,
      85.27565384909346,
      75.1959629941159,
      65.81054270919756,
      57.460442618772014,
      50.660390042544094,
      46.101356741839886,
      44.477970657823334,
      103.49717514247939,
      93.8236759777255,
      84.78054592332884,
      76.59157301208279,
      69.55895168759025,
      64.06476818858958,
      60.52932319863999,
      59.304035007049485,
      112.60283925165369,
      103.79506709616402
    ],
    [
      29.652017503524743,
      32.04571806749474,
      38.34045054689322,
      46.99383934168386,
      56.9405906661602,
      67.61214691544447,
      78.71438490233834,
      90.08806394449593,
      14.82606434922575,
      19.16469260225311,
      28.455396661842443,
      39.33290164130785,
      50.78777939421138,
      62.50324988490617,
      74.356365348077,
      86.29026301670636,
      0.0,
      12.135076399482148,
      24.27024291323881,
      36.405306502884876,
      48.54045166663935,
      60.67548536630179,
      72.8105920994199,
      84.94557882812572,
      14.825953154298597,
      19.15346592326548,
      28.425318533921963,
      39.28398951431162,
      50.72045889360914,
      62.41779091283118,
      74.25292967388359,
      86.16895225102971,
      29.651906308597585,
      32.03229115664736,
      38.29580164585676,
      46.9119421018103,
      56.82045160155031,
      67.45406735754607,
      78.51886042827813,
      89.85553419140616,
      44.47797065782373,
      46.096716028950304,
      50.64349559293156,
      57.42692449773871,
      65.758509890781,
      75.12480360961223,
      85.18529091646668,
      95.72119542210031,
      59.30392381212272,
      60.52567579205835
    ],
    [
      32.04571806749474,
      29.652017503524743,
      32.04575391239846,
      38.34045054689322,
      46.99391267086711,
      56.9405906661602,
      67.61223186091902,
      78.71438490233834,
      19.16469260225311,
      14.82606434922575,
      19.164752452970706,
      28.455396661842443,
      39.332989126766165,
      50.78777939421138,
      62.503341641344626,
      74.356365348077,
      12.135076399482148,
      0.0,
      12.135170783714347,
      24.27024291323881,
      36.40540088698423,
      48.54045166663935,
      60.675579750135455,
      72.8105920994199,
      19.15346592326548,
      14.825953154298597,
      19.153525635713812,
      28.425318533921963,
      39.284076855137926,
      50.72045889360914,
      62.41788252892397,
      74.25292967388359,
      32.03229115664736,
      29.651906308597585,
      32.03232680926913,
      38.29580164585676,
      46.912015134349375,
      56.82045160155031,
      67.45415200986186,
      78.51886042827813,
      46.096716028950304,
      44.47797065782373,
      46.09674076748073,
      50.64349559293156,
      57.426984070625764,
      65.758509890781,
      75.12487950719832,
      85.18529091646668,
      60.52567579205835,
      59.30392381212272
    ],
    [
      38.34045054689322,
      32.04575391239846,
      29.652017503524743,
      32.04571806749474,
      38.34045054689322,
      46.99383934168386,
      56.9405906661602,
      67.61214691544447,
      28.455396661842443,
      19.164752452970706,
      14.82606434922575,
      19.16469260225311,
      28.455396661842443,
      39.33290164130785,
      50.78777939421138,
      62.50324988490617,
      24.27024291323881,
      12.135170783714347,
      0.0,
      12.135076399482148,
      24.27024291323881,
      36.405306502884876,
      48.54045166663935,
      60.67548536630179,
      28.425318533921963,
      19.153525635713812,
      14.825953154298597,
      19.15346592326548,
      28.425318533921963,
      39.28398951431162,
      50.72045889360914,
      62.41779091283118,
      38.29580164585676,
      32.03232680926913,
      29.651906308597585,
      32.03229115664736,
      38.29580164585676,
      46.9119421018103,
      56.82045160155031,
      67.45406735754607,
      50.64349559293156,
      46.09674076748073,
      44.47797065782373,
      46.096716028950304,
      50.64349559293156,
      57.42692449773871,
      65.758509890781,
      75.12480360961223,
      64.0512913796692,
      60.52569460540532
    ],
    [
      46.99383934168386,
      38.34045054689322,
      32.04571806749474,
      29.652017503524743,
      32.04575391239846,
      38.34045054689322,
      46.99391267086711,
      56.9405906661602,
      39.33290164130785,
      28.455396661842443,
      19.16469260225311,
      14.82606434922575,
      19.164752452970706,
      28.455396661842443,
      39.332989126766165,
      50.78777939421138,
      36.405306502884876,
      24.27024291323881,
      12.135076399482148,
      0.0,
      12.135170783714347,
      24.27024291323881,
      36.40540088698423,
      48.54045166663935,
      39.28398951431162,
      28.425318533921963,
      19.15346592326548,
      14.825953154298597,
      19.153525635713812,
      28.425318533921963,
      39.284076855137926,
      50.72045889360914,
      46.9119421018103,
      38.29580164585676,
      32.03229115664736,
      29.651906308597585,
      32.03232680926913,
      38.29580164585676,
      46.912015134349375,
      56.82045160155031,
      57.42692449773871,
      50.64349559293156,
      46.096716028950304,
      44.47797065782373,
      46.09674076748073,
      50.64349559293156,
      57.426984070625764,
      65.758509890781,
      69.53113987190902,
      64.0512913796692
    ],
    [
      56.9405906661602,
      46.99391267086711,
      38.34045054689322,
      32.04575391239846,
      29.652017503524743,
      32.04571806749474,
      38.34045054689322,
      46.99383934168386,
      50.78777939421138,
      39.332989126766165,
      28.455396661842443,
      19.164752452970706,
      14.82606434922575,
      19.16469260225311,
      28.455396661842443,
      39.33290164130785,
      48.54045166663935,
      36.40540088698423,
      24.27024291323881,
      12.135170783714347,
      0.0,
      12.135076399482148,
      24.27024291323881,
      36.405306502884876,
      50.72045889360914,
      39.284076855137926,
      28.425318533921963,
      19.153525635713812,
      14.825953154298597,
      19.15346592326548,
      28.425318533921963,
      39.28398951431162,
      56.82045160155031,
      46.912015134349375,
      38.29580164585676,
      32.03232680926913,
      29.651906308597585,
      32.03229115664736,
      38.29580164585676,
      46.9119421018103,
      65.758509890781,
      57.426984070625764,
      50.64349559293156,
      46.09674076748073,
      44.47797065782373,
      46.096716028950304,
      50.64349559293156,
      57.42692449773871,
      76.5467322924726,
      69.53118900190233
    ],
    [
      67.61214691544447,
      56.9405906661602,
      46.99383934168386,
      38.34045054689322,
      32.04571806749474,
      29.652017503524743,
      32.04575391239846,
      38.34045054689322,
      62.50324988490617,
      50.78777939421138,
      39.33290164130785,
      28.455396661842443,
      19.16469260225311,
      14.82606434922575,
      19.164752452970706,
      28.455396661842443,
      60.67548536630179,
      48.54045166663935,
      36.405306502884876,
      24.27024291323881,
      12.135076399482148,
      0.0,
      12.135170783714347,
      24.27024291323881,
      62.41779091283118,
      50.72045889360914,
      39.28398951431162,
      28.425318533921963,
      19.15346592326548,
      14.825953154298597,
      19.153525635713812,
      28.425318533921963,
      67.45406735754607,
      56.82045160155031,
      46.9119421018103,
      38.29580164585676,
      32.03229115664736,
      29.651906308597585,
      32.03232680926913,
      38.29580164585676,
      75.12480360961223,
      65.758509890781,
      57.42692449773871,
      50.64349559293156,
      46.096716028950304,
      44.47797065782373,
      46.09674076748073,
      50.64349559293156,
      84.71728843643558,
      76.5467322924726
    ],
    [
      78.71438490233834,
      67.61223186091902,
      56.9405906661602,
      46.99391267086711,
      38.34045054689322,
      32.04575391239846,
      29.652017503524743,
      32.04571806749474,
      74.356365348077,
      62.503341641344626,
      50.78777939421138,
      39.332989126766165,
      28.455396661842443,
      19.164752452970706,
      14.82606434922575,
      19.16469260225311,
      72.8105920994199,
      60.675579750135455,
      48.54045166663935,
      36.40540088698423,
      24.27024291323881,
      12.135170783714347,
      0.0,
      12.135076399482148,
      74.25292967388359,
      62.41788252892397,
      50.72045889360914,
      39.284076855137926,
      28.425318533921963,
      19.153525635713812,
      14.825953154298597,
      19.15346592326548,
      78.51886042827813,
      67.45415200986186,
      56.82045160155031,
      46.912015134349375,
      38.29580164585676,
      32.03232680926913,
      29.651906308597585,
      32.03229115664736,
      85.18529091646668,
      75.12487950719832,
      65.758509890781,
      57.426984070625764,
      50.64349559293156,
      46.09674076748073,
      44.47797065782373,
      46.096716028950304,
      93.74139017476945,
      84.71735564135794
    ],
    [
      90.08806394449593,
      78.71438490233834,
      67.61214691544447,
      56.9405906661602,
      46.99383934168386,
      38.34045054689322,
      32.04571806749474,
      29.652017503524743,
      86.29026301670636,
      74.356365348077,
      62.50324988490617,
      50.78777939421138,
      39.33290164130785,
      28.455396661842443,
      19.16469260225311,
      14.82606434922575,
      84.94557882812572,
      72.8105920994199,
      60.67548536630179,
      48.54045166663935,
      36.405306502884876,
      24.27024291323881,
      12.135076399482148,
      0.0,
      86.16895225102971,
      74.25292967388359,
      62.41779091283118,
      50.72045889360914,
      39.28398951431162,
      28.425318533921963,
      19.15346592326548,
      14.825953154298597,
      89.85553419140616,
      78.51886042827813,
      67.45406735754607,
      56.82045160155031,
      46.9119421018103,
      38.29580164585676,
      32.03229115664736,
      29.651906308597585,
      95.72119542210031,
      85.18529091646668,
      75.12480360961223,
      65.758509890781,
      57.42692449773871,
      50.64349559293156,
      46.096716028950304,
      44.47797065782373,
      103.39566087862576,
      93.74139017476945
    ],
    [
      44.477970657823334,
      46.10598641642428,
      50.67724038919428,
      57.49386490306951,
      65.86241601742192,
      75.26689321502643,
      85.36571559007292,
      95.93972527904532,
      29.652017503524345,
      32.039064400369135,
      38.318201140975546,
      46.952990545569,
      56.8806505971577,
      67.53326829320305,
      78.61681635692935,
      89.97202564024742,
      14.825953154298597,
      19.15346592326548,
      28.425318533921963,
      39.28398951431162,
      50.72045889360914,
      62.41779091283118,
      74.25292967388359,
      86.16895225102971,
      0.0,
      12.117454590359152,
      24.2349991322374,
      36.352440835671636,
      48.46996389906499,
      60.58737553264066,
      72.70485993412713,
      84.82222431408299,
      14.825953154298992,
      19.142293446380073,
      28.39519828346184,
      39.234947179393956,
      50.65292827201214,
      62.332046706875765,
      74.14913648202443,
      86.04721344696263,
      29.652017503525133,
      32.02570729069613,
      38.27351080641542,
      46.87090556315678,
      56.76016865122467,
      67.37469179594893,
      78.42064428662086,
      89.73870101838854,
      44.47797065782412,
      46.092064444581986
    ],
    [
      46.10598641642428,
      44.477970657823334,
      46.10601129417313,
      50.67724038919428,
      57.493924753492884,
      65.86241601742192,
      75.26696941097376,
      85.36571559007292,
      32.039064400369135,
      29.652017503524345,
      32.039100149204,
      38.318201140975546,
      46.95306372664688,
      56.8806505971577,
      67.53335309234893,
      78.61681635692935,
      19.15346592326548,
      14.825953154298597,
      19.153525635713812,
      28.425318533921963,
      39.284076855137926,
      50.72045889360914,
      62.41788252892397,
      74.25292967388359,
      12.117454590359152,
      0.0,
      12.117548837532311,
      24.2349991322374,
      36.35253508271116,
      48.46996389906499,
      60.587469779412885,
      72.70485993412713,
      19.142293446380073,
      14.825953154298992,
      19.14235301983416,
      28.39519828346184,
      39.23503437494015,
      50.65292827201214,
      62.3321381820515,
      74.14913648202443,
      32.02570729069613,
      29.652017503525133,
      32.025742846619,
      38.27351080641542,
      46.870978446397004,
      56.76016865122467,
      67.37477630075031,
      78.42064428662086,
      46.092064444581986,
      44.47797065782412
    ],
    [
      50.67724038919428,
      46.10601129417313,
      44.477970657823334,
      46.10598641642428,
      50.67724038919428,
      57.49386490306951,
      65.86241601742192,
      75.26689321502643,
      38.318201140975546,
      32.039100149204,
      29.652017503524345,
      32.039064400369135,
      38.318201140975546,
      46.952990545569,
      56.8806505971577,
      67.53326829320305,
      28.425318533921963,
      19.153525635713812,
      14.825953154298597,
      19.15346592326548,
      28.425318533921963,
      39.28398951431162,
      50.72045889360914,
      62.41779091283118,
      24.2349991322374,
      12.117548837532311,
      0.0,
      12.117454590359152,
      24.2349991322374,
      36.352440835671636,
      48.46996389906499,
      60.58737553264066,
      28.39519828346184,
      19.14235301983416,
      14.825953154298992,
      19.142293446380073,
      28.39519828346184,
      39.234947179393956,
      50.65292827201214,
      62.332046706875765,
      38.27351080641542,
      32.025742846619,
      29.652017503525133,
      32.02570729069613,
      38.27351080641542,
      46.87090556315678,
      56.76016865122467,
      67.37469179594893,
      50.62655761588997,
      46.09208911324688
    ],
    [
      57.49386490306951,
      50.67724038919428,
      46.10598641642428,
      44.477970657823334,
      46.10601129417313,
      50.67724038919428,
      57.493924753492884,
      65.86241601742192,
      46.952990545569,
      38.318201140975546,
      32.039064400369135,
      29.652017503524345,
      32.039100149204,
      38.318201140975546,
      46.95306372664688,
      56.8806505971577,
      39.28398951431162,
      28.425318533921963,
      19.15346592326548,
      14.825953154298597,
      19.153525635713812,
      28.425318533921963,
      39.284076855137926,
      50.72045889360914,
      36.352440835671636,
      24.2349991322374,
      12.117454590359152,
      0.0,
      12.117548837532311,
      24.2349991322374,
      36.35253508271116,
      48.46996389906499,
      39.234947179393956,
      28.39519828346184,
      19.142293446380073,
      14.825953154298992,
      19.14235301983416,
      28.39519828346184,
      39.23503437494015,
      50.65292827201214,
      46.87090556315678,
      38.27351080641542,
      32.02570729069613,
      29.652017503525133,
      32.025742846619,
      38.27351080641542,
      46.870978446397004,
      56.76016865122467,
      57.39331160196562,
      50.62655761588997
    ],
    [
      65.86241601742192,
      57.493924753492884,
      50.67724038919428,
      46.10601129417313,
      44.477970657823334,
      46.10598641642428,
      50.67724038919428,
      57.49386490306951,
      56.8806505971577,
      46.95306372664688,
      38.318201140975546,
      32.039100149204,
      29.652017503524345,
      32.039064400369135,
      38.318201140975546,
      46.952990545569,
      50.72045889360914,
      39.284076855137926,
      28.425318533921963,
      19.153525635713812,
      14.825953154298597,
      19.15346592326548,
      28.425318533921963,
      39.28398951431162,
      48.46996389906499,
      36.35253508271116,
      24.2349991322374,
      12.117548837532311,
      0.0,
      12.117454590359152,
      24.2349991322374,
      36.352440835671636,
      50.65292827201214,
      39.23503437494015,
      28.39519828346184,
      19.14235301983416,
      14.825953154298992,
      19.142293446380073,
      28.39519828346184,
      39.234947179393956,
      56.76016865122467,
      46.870978446397004,
      38.27351080641542,
      32.025742846619,
      29.652017503525133,
      32.02570729069613,
      38.27351080641542,
      46.87090556315678,
      65.70631909310188,
      57.393371035401444
    ],
    [
      75.26689321502643,
      65.86241601742192,
      57.49386490306951,
      50.67724038919428,
      46.10598641642428,
      44.477970657823334,
      46.10601129417313,
      50.67724038919428,
      67.53326829320305,
      56.8806505971577,
      46.952990545569,
      38.318201140975546,
      32.039064400369135,
      29.652017503524345,
      32.039100149204,
      38.318201140975546,
      62.41779091283118,
      50.72045889360914,
      39.28398951431162,
      28.425318533921963,
      19.15346592326548,
      14.825953154298597,
      19.153525635713812,
      28.425318533921963,
      60.58737553264066,
      48.46996389906499,
      36.352440835671636,
      24.2349991322374,
      12.117454590359152,
      0.0,
      12.117548837532311,
      24.2349991322374,
      62.332046706875765,
      50.65292827201214,
      39.234947179393956,
      28.39519828346184,
      19.142293446380073,
      14.825953154298992,
      19.14235301983416,
      28.39519828346184,
      67.37469179594893,
      56.76016865122467,
      46.87090556315678,
      38.27351080641542,
      32.02570729069613,
      29.652017503525133,
      32.025742846619,
      38.27351080641542,
      75.05341702223818,
      65.70631909310188
    ],
    [
      85.36571559007292,
      75.26696941097376,
      65.86241601742192,
      57.493924753492884,
      50.67724038919428,
      46.10601129417313,
      44.477970657823334,
      46.10598641642428,
      78.61681635692935,
      67.53335309234893,
      56.8806505971577,
      46.95306372664688,
      38.318201140975546,
      32.039100149204,
      29.652017503524345,
      32.039064400369135,
      74.25292967388359,
      62.41788252892397,
      50.72045889360914,
      39.284076855137926,
      28.425318533921963,
      19.153525635713812,
      14.825953154298597,
      19.15346592326548,
      72.70485993412713,
      60.587469779412885,
      48.46996389906499,
      36.35253508271116,
      24.2349991322374,
      12.117548837532311,
      0.0,
      12.117454590359152,
      74.14913648202443,
      62.3321381820515,
      50.65292827201214,
      39.23503437494015,
      28.39519828346184,
      19.14235301983416,
      14.825953154298992,
      19.142293446380073,
      78.42064428662086,
      67.37477630075031,
      56.76016865122467,
      46.870978446397004,
      38.27351080641542,
      32.025742846619,
      29.652017503525133,
      32.02570729069613,
      85.09462915083816,
      75.05349276981546
    ],
    [
      95.93972527904532,
      85.36571559007292,
      75.26689321502643,
      65.86241601742192,
      57.49386490306951,
      50.67724038919428,
      46.10598641642428,
