{
  "task": "B2",
  "description": "Unified QUBO (cost_model=flat)",
  "parameters": {
    "lambda": 2.0,
    "mu": 5.0,
    "budget_B": 3.0
  },
  "n_sites": 50,
  "site_ids": [
    "GA_001",
    "GA_002",
    "GA_003",
    "GA_004",
    "GA_005",
    "GA_006",
    "GA_007",
    "GA_008",
    "GA_009",
    "GA_010",
    "GA_011",
    "GA_012",
    "GA_013",
    "GA_014",
    "GA_015",
    "GA_016",
    "GA_017",
    "GA_018",
    "GA_019",
    "GA_020",
    "GA_021",
    "GA_022",
    "GA_023",
    "GA_024",
    "GA_025",
    "GA_026",
    "GA_027",
    "GA_028",
    "GA_029",
    "GA_030",
    "GA_031",
    "GA_032",
    "GA_033",
    "GA_034",
    "GA_035",
    "GA_036",
    "GA_037",
    "GA_038",
    "GA_039",
    "GA_040",
    "GA_041",
    "GA_042",
    "GA_043",
    "GA_044",
    "GA_045",
    "GA_046",
    "GA_047",
    "GA_048",
    "GA_049",
    "GA_050"
  ],
  "Q_matrix": [
    [
      -0.839478394961704,
      1.088834064364938,
      1.0263047320751713,
      1.007789197398334,
      1.00230647088228,
      1.000682980157161,
      1.0002022390428635,
      1.000059886251026,
      1.0681142988283627,
      1.044089028100379,
      1.0173788966358568,
      1.005845234725878,
      1.0018557766907794,
      1.0005740424757361,
      1.0001751425403362,
      1.0000530072676703,
      1.0154650203854614,
      1.0121728817213678,
      1.0064865929258622,
      1.0027302646352498,
      1.0010097708339614,
      1.000347346576867,
      1.0001144455613724,
      1.0000366983340092,
      1.0035112967330735,
      1.0029837587553583,
      1.0018890204905049,
      1.0009554202187476,
      1.0004137641609208,
      1.0001615554507672,
      1.0000588484911597,
      1.0000204414607028,
      1.0007972317165055,
      1.000705046177945,
      1.0004945939571837,
      1.000285113606645,
      1.0001408825137652,
      1.0000620035672327,
      1.0000250526939518,
      1.0000095040151573,
      1.000181007585188,
      1.0001640242965637,
      1.000122965324129,
      1.0000777911635859,
      1.0000426347138158,
      1.0000207973622945,
      1.0000092499076196,
      1.0000038264903715,
      1.000041097349159,
      1.0000378561978058
    ],
    [
      1.088834064364938,
      -5.9347859565193835,
      1.0888332234939386,
      1.0263047320751713,
      1.0077891236687218,
      1.00230647088228,
      1.000682973692346,
      1.0002022390428635,
      1.044089028100379,
      1.0681142988283627,
      1.0440887636152123,
      1.0173788966358568,
      1.0058451835044737,
      1.0018557766907794,
      1.000574037200521,
      1.0001751425403362,
      1.0121728817213678,
      1.0154650203854614,
      1.0121728380878687,
      1.0064865929258622,
      1.0027302446145157,
      1.0010097708339614,
      1.0003473436263275,
      1.0001144455613724,
      1.0029837587553583,
      1.0035112967330735,
      1.0029837513324475,
      1.0018890204905049,
      1.0009554145005342,
      1.0004137641609208,
      1.0001615542197848,
      1.0000588484911597,
      1.000705046177945,
      1.0007972317165055,
      1.0007050448439212,
      1.0004945939571837,
      1.000285112198819,
      1.0001408825137652,
      1.0000620031487273,
      1.0000250526939518,
      1.0001640242965637,
      1.000181007585188,
      1.000164024046827,
      1.000122965324129,
      1.000077790840362,
      1.0000426347138158,
      1.0000207972381119,
      1.0000092499076196,
      1.0000378561978058,
      1.000041097349159
    ],
    [
      1.0263047320751713,
      1.0888332234939386,
      -1.0230464320538069,
      1.088834064364938,
      1.0263047320751713,
      1.007789197398334,
      1.00230647088228,
      1.000682980157161,
      1.0173788966358568,
      1.0440887636152123,
      1.0681142988283627,
      1.044089028100379,
      1.0173788966358568,
      1.005845234725878,
      1.0018557766907794,
      1.0005740424757361,
      1.0064865929258622,
      1.0121728380878687,
      1.0154650203854614,
      1.0121728817213678,
      1.0064865929258622,
      1.0027302646352498,
      1.0010097708339614,
      1.000347346576867,
      1.0018890204905049,
      1.0029837513324475,
      1.0035112967330735,
      1.0029837587553583,
      1.0018890204905049,
      1.0009554202187476,
      1.0004137641609208,
      1.0001615554507672,
      1.0004945939571837,
      1.0007050448439212,
      1.0007972317165055,
      1.000705046177945,
      1.0004945939571837,
      1.000285113606645,
      1.0001408825137652,
      1.0000620035672327,
      1.000122965324129,
      1.000164024046827,
      1.000181007585188,
      1.0001640242965637,
      1.000122965324129,
      1.0000777911635859,
      1.0000426347138158,
      1.0000207973622945,
      1.0000297175055106,
      1.0000378561496515
    ],
    [
      1.007789197398334,
      1.0263047320751713,
      1.088834064364938,
      -6.176888550453996,
      1.0888332234939386,
      1.0263047320751713,
      1.0077891236687218,
      1.00230647088228,
      1.005845234725878,
      1.0173788966358568,
      1.044089028100379,
      1.0681142988283627,
      1.0440887636152123,
      1.0173788966358568,
      1.0058451835044737,
      1.0018557766907794,
      1.0027302646352498,
      1.0064865929258622,
      1.0121728817213678,
      1.0154650203854614,
      1.0121728380878687,
      1.0064865929258622,
      1.0027302446145157,
      1.0010097708339614,
      1.0009554202187476,
      1.0018890204905049,
      1.0029837587553583,
      1.0035112967330735,
      1.0029837513324475,
      1.0018890204905049,
      1.0009554145005342,
      1.0004137641609208,
      1.000285113606645,
      1.0004945939571837,
      1.000705046177945,
      1.0007972317165055,
      1.0007050448439212,
      1.0004945939571837,
      1.000285112198819,
      1.0001408825137652,
      1.0000777911635859,
      1.000122965324129,
      1.0001640242965637,
      1.000181007585188,
      1.000164024046827,
      1.000122965324129,
      1.000077790840362,
      1.0000426347138158,
      1.0000201226996042,
      1.0000297175055106
    ],
    [
      1.00230647088228,
      1.0077891236687218,
      1.0263047320751713,
      1.0888332234939386,
      -1.0331284562126974,
      1.088834064364938,
      1.0263047320751713,
      1.007789197398334,
      1.0018557766907794,
      1.0058451835044737,
      1.0173788966358568,
      1.0440887636152123,
      1.0681142988283627,
      1.044089028100379,
      1.0173788966358568,
      1.005845234725878,
      1.0010097708339614,
      1.0027302446145157,
      1.0064865929258622,
      1.0121728380878687,
      1.0154650203854614,
      1.0121728817213678,
      1.0064865929258622,
      1.0027302646352498,
      1.0004137641609208,
      1.0009554145005342,
      1.0018890204905049,
      1.0029837513324475,
      1.0035112967330735,
      1.0029837587553583,
      1.0018890204905049,
      1.0009554202187476,
      1.0001408825137652,
      1.000285112198819,
      1.0004945939571837,
      1.0007050448439212,
      1.0007972317165055,
      1.000705046177945,
      1.0004945939571837,
      1.000285113606645,
      1.0000426347138158,
      1.000077790840362,
      1.000122965324129,
      1.000164024046827,
      1.000181007585188,
      1.0001640242965637,
      1.000122965324129,
      1.0000777911635859,
      1.0000119553691993,
      1.0000201226278638
    ],
    [
      1.000682980157161,
      1.00230647088228,
      1.007789197398334,
      1.0263047320751713,
      1.088834064364938,
      -1.1777109004458417,
      1.0888332234939386,
      1.0263047320751713,
      1.0005740424757361,
      1.0018557766907794,
      1.005845234725878,
      1.0173788966358568,
      1.044089028100379,
      1.0681142988283627,
      1.0440887636152123,
      1.0173788966358568,
      1.000347346576867,
      1.0010097708339614,
      1.0027302646352498,
      1.0064865929258622,
      1.0121728817213678,
      1.0154650203854614,
      1.0121728380878687,
      1.0064865929258622,
      1.0001615554507672,
      1.0004137641609208,
      1.0009554202187476,
      1.0018890204905049,
      1.0029837587553583,
      1.0035112967330735,
      1.0029837513324475,
      1.0018890204905049,
      1.0000620035672327,
      1.0001408825137652,
      1.000285113606645,
      1.0004945939571837,
      1.000705046177945,
      1.0007972317165055,
      1.0007050448439212,
      1.0004945939571837,
      1.0000207973622945,
      1.0000426347138158,
      1.0000777911635859,
      1.000122965324129,
      1.0001640242965637,
      1.000181007585188,
      1.000164024046827,
      1.000122965324129,
      1.0000063515802948,
      1.0000119553691993
    ],
    [
      1.0002022390428635,
      1.000682973692346,
      1.00230647088228,
      1.0077891236687218,
      1.0263047320751713,
      1.0888332234939386,
      -6.271067403185376,
      1.088834064364938,
      1.0001751425403362,
      1.000574037200521,
      1.0018557766907794,
      1.0058451835044737,
      1.0173788966358568,
      1.0440887636152123,
      1.0681142988283627,
      1.044089028100379,
      1.0001144455613724,
      1.0003473436263275,
      1.0010097708339614,
      1.0027302446145157,
      1.0064865929258622,
      1.0121728380878687,
      1.0154650203854614,
      1.0121728817213678,
      1.0000588484911597,
      1.0001615542197848,
      1.0004137641609208,
      1.0009554145005342,
      1.0018890204905049,
      1.0029837513324475,
      1.0035112967330735,
      1.0029837587553583,
      1.0000250526939518,
      1.0000620031487273,
      1.0001408825137652,
      1.000285112198819,
      1.0004945939571837,
      1.0007050448439212,
      1.0007972317165055,
      1.000705046177945,
      1.0000092499076196,
      1.0000207972381119,
      1.0000426347138158,
      1.000077790840362,
      1.000122965324129,
      1.000164024046827,
      1.000181007585188,
      1.0001640242965637,
      1.0000030736353995,
      1.000006351546598
    ],
    [
      1.000059886251026,
      1.0002022390428635,
      1.000682980157161,
      1.00230647088228,
      1.007789197398334,
      1.0263047320751713,
      1.088834064364938,
      -1.0283063071988447,
      1.0000530072676703,
      1.0001751425403362,
      1.0005740424757361,
      1.0018557766907794,
      1.005845234725878,
      1.0173788966358568,
      1.044089028100379,
      1.0681142988283627,
      1.0000366983340092,
      1.0001144455613724,
      1.000347346576867,
      1.0010097708339614,
      1.0027302646352498,
      1.0064865929258622,
      1.0121728817213678,
      1.0154650203854614,
      1.0000204414607028,
      1.0000588484911597,
      1.0001615554507672,
      1.0004137641609208,
      1.0009554202187476,
      1.0018890204905049,
      1.0029837587553583,
      1.0035112967330735,
      1.0000095040151573,
      1.0000250526939518,
      1.0000620035672327,
      1.0001408825137652,
      1.000285113606645,
      1.0004945939571837,
      1.000705046177945,
      1.0007972317165055,
      1.0000038264903715,
      1.0000092499076196,
      1.0000207973622945,
      1.0000426347138158,
      1.0000777911635859,
      1.000122965324129,
      1.0001640242965637,
      1.000181007585188,
      1.000001377393968,
      1.0000030736353995
    ],
    [
      1.0681142988283627,
      1.044089028100379,
      1.0173788966358568,
      1.005845234725878,
      1.0018557766907794,
      1.0005740424757361,
      1.0001751425403362,
      1.0000530072676703,
      -0.8857458418614792,
      1.0889895735967905,
      1.0263969090598315,
      1.007830175574883,
      1.0023226639127187,
      1.000688979161527,
      1.0002043725753857,
      1.0000606239681353,
      1.0681135414361267,
      1.0441376524148358,
      1.017430870631768,
      1.0058737443558607,
      1.001868254430386,
      1.0005789480588356,
      1.0001769560185327,
      1.0000536516086063,
      1.015465020385462,
      1.0121809838468045,
      1.0065010412771664,
      1.0027414402475678,
      1.0010158415831882,
      1.0003500972329458,
      1.0001155676552191,
      1.0000371266555332,
      1.0035112967330735,
      1.002985140458383,
      1.0018922062388087,
      1.0009586187935713,
      1.0004159160690103,
      1.0001627054407793,
      1.0000593808847327,
      1.0000206656526318,
      1.0007972228517426,
      1.0007052874384086,
      1.0004952491329173,
      1.0002859001388191,
      1.0001415114245127,
      1.0000623948762923,
      1.0000252586874978,
      1.0000096005485686,
      1.000181007585188,
      1.0001640710194664
    ],
    [
      1.044089028100379,
      1.0681142988283627,
      1.0440887636152123,
      1.0173788966358568,
      1.0058451835044737,
      1.0018557766907794,
      1.000574037200521,
      1.0001751425403362,
      1.0889895735967905,
      -0.8527105575782965,
      1.0889887324643648,
      1.0263969090598315,
      1.007830101563905,
      1.0023226639127187,
      1.0006889726493,
      1.0002043725753857,
      1.0441376524148358,
      1.0681135414361267,
      1.0441373882486094,
      1.017430870631768,
      1.0058736929693637,
      1.001868254430386,
      1.000578942746639,
      1.0001769560185327,
      1.0121809838468045,
      1.015465020385462,
      1.0121809403012842,
      1.0065010412771664,
      1.002741420185486,
      1.0010158415831882,
      1.0003500942641637,
      1.0001155676552191,
      1.002985140458383,
      1.0035112967330735,
      1.0029851330527884,
      1.0018922062388087,
      1.000958613069495,
      1.0004159160690103,
      1.000162704203457,
      1.0000593808847327,
      1.0007052874384086,
      1.0007972228517426,
      1.0007052861077261,
      1.0004952491329173,
      1.0002858987306489,
      1.0001415114245127,
      1.0000623944560565,
      1.0000252586874978,
      1.0001640710194664,
      1.000181007585188
    ],
    [
      1.0173788966358568,
      1.0440887636152123,
      1.0681142988283627,
      1.044089028100379,
      1.0173788966358568,
      1.005845234725878,
      1.0018557766907794,
      1.0005740424757361,
      1.0263969090598315,
      1.0889887324643648,
      -5.9553780261763976,
      1.0889895735967905,
      1.0263969090598315,
      1.007830175574883,
      1.0023226639127187,
      1.000688979161527,
      1.017430870631768,
      1.0441373882486094,
      1.0681135414361267,
      1.0441376524148358,
      1.017430870631768,
      1.0058737443558607,
      1.001868254430386,
      1.0005789480588356,
      1.0065010412771664,
      1.0121809403012842,
      1.015465020385462,
      1.0121809838468045,
      1.0065010412771664,
      1.0027414402475678,
      1.0010158415831882,
      1.0003500972329458,
      1.0018922062388087,
      1.0029851330527884,
      1.0035112967330735,
      1.002985140458383,
      1.0018922062388087,
      1.0009586187935713,
      1.0004159160690103,
      1.0001627054407793,
      1.0004952491329173,
      1.0007052861077261,
      1.0007972228517426,
      1.0007052874384086,
      1.0004952491329173,
      1.0002859001388191,
      1.0001415114245127,
      1.0000623948762923,
      1.0001231003199618,
      1.000164070770376
    ],
    [
      1.005845234725878,
      1.0173788966358568,
      1.044089028100379,
      1.0681142988283627,
      1.0440887636152123,
      1.0173788966358568,
      1.0058451835044737,
      1.0018557766907794,
      1.007830175574883,
      1.0263969090598315,
      1.0889895735967905,
      -0.7988868647386118,
      1.0889887324643648,
      1.0263969090598315,
      1.007830101563905,
      1.0023226639127187,
      1.0058737443558607,
      1.017430870631768,
      1.0441376524148358,
      1.0681135414361267,
      1.0441373882486094,
      1.017430870631768,
      1.0058736929693637,
      1.001868254430386,
      1.0027414402475678,
      1.0065010412771664,
      1.0121809838468045,
      1.015465020385462,
      1.0121809403012842,
      1.0065010412771664,
      1.002741420185486,
      1.0010158415831882,
      1.0009586187935713,
      1.0018922062388087,
      1.002985140458383,
      1.0035112967330735,
      1.0029851330527884,
      1.0018922062388087,
      1.000958613069495,
      1.0004159160690103,
      1.0002859001388191,
      1.0004952491329173,
      1.0007052874384086,
      1.0007972228517426,
      1.0007052861077261,
      1.0004952491329173,
      1.0002858987306489,
      1.0001415114245127,
      1.0000779727878846,
      1.0001231003199618
    ],
    [
      1.0018557766907794,
      1.0058451835044737,
      1.0173788966358568,
      1.0440887636152123,
      1.0681142988283627,
      1.044089028100379,
      1.0173788966358568,
      1.005845234725878,
      1.0023226639127187,
      1.007830101563905,
      1.0263969090598315,
      1.0889887324643648,
      -1.0764235128869135,
      1.0889895735967905,
      1.0263969090598315,
      1.007830175574883,
      1.001868254430386,
      1.0058736929693637,
      1.017430870631768,
      1.0441373882486094,
      1.0681135414361267,
      1.0441376524148358,
      1.017430870631768,
      1.0058737443558607,
      1.0010158415831882,
      1.002741420185486,
      1.0065010412771664,
      1.0121809403012842,
      1.015465020385462,
      1.0121809838468045,
      1.0065010412771664,
      1.0027414402475678,
      1.0004159160690103,
      1.000958613069495,
      1.0018922062388087,
      1.0029851330527884,
      1.0035112967330735,
      1.002985140458383,
      1.0018922062388087,
      1.0009586187935713,
      1.0001415114245127,
      1.0002858987306489,
      1.0004952491329173,
      1.0007052861077261,
      1.0007972228517426,
      1.0007052874384086,
      1.0004952491329173,
      1.0002859001388191,
      1.0000427998048251,
      1.0000779724647577
    ],
    [
      1.0005740424757361,
      1.0018557766907794,
      1.005845234725878,
      1.0173788966358568,
      1.044089028100379,
      1.0681142988283627,
      1.0440887636152123,
      1.0173788966358568,
      1.000688979161527,
      1.0023226639127187,
      1.007830175574883,
      1.0263969090598315,
      1.0889895735967905,
      -1.0819241226820724,
      1.0889887324643648,
      1.0263969090598315,
      1.0005789480588356,
      1.001868254430386,
      1.0058737443558607,
      1.017430870631768,
      1.0441376524148358,
      1.0681135414361267,
      1.0441373882486094,
      1.017430870631768,
      1.0003500972329458,
      1.0010158415831882,
      1.0027414402475678,
      1.0065010412771664,
      1.0121809838468045,
      1.015465020385462,
      1.0121809403012842,
      1.0065010412771664,
      1.0001627054407793,
      1.0004159160690103,
      1.0009586187935713,
      1.0018922062388087,
      1.002985140458383,
      1.0035112967330735,
      1.0029851330527884,
      1.0018922062388087,
      1.0000623948762923,
      1.0001415114245127,
      1.0002859001388191,
      1.0004952491329173,
      1.0007052874384086,
      1.0007972228517426,
      1.0007052861077261,
      1.0004952491329173,
      1.0000209138704599,
      1.0000427998048251
    ],
    [
      1.0001751425403362,
      1.000574037200521,
      1.0018557766907794,
      1.0058451835044737,
      1.0173788966358568,
      1.0440887636152123,
      1.0681142988283627,
      1.044089028100379,
      1.0002043725753857,
      1.0006889726493,
      1.0023226639127187,
      1.007830101563905,
      1.0263969090598315,
      1.0889887324643648,
      -5.991664766510768,
      1.0889895735967905,
      1.0001769560185327,
      1.000578942746639,
      1.001868254430386,
      1.0058736929693637,
      1.017430870631768,
      1.0441373882486094,
      1.0681135414361267,
      1.0441376524148358,
      1.0001155676552191,
      1.0003500942641637,
      1.0010158415831882,
      1.002741420185486,
      1.0065010412771664,
      1.0121809403012842,
      1.015465020385462,
      1.0121809838468045,
      1.0000593808847327,
      1.000162704203457,
      1.0004159160690103,
      1.000958613069495,
      1.0018922062388087,
      1.0029851330527884,
      1.0035112967330735,
      1.002985140458383,
      1.0000252586874978,
      1.0000623944560565,
      1.0001415114245127,
      1.0002858987306489,
      1.0004952491329173,
      1.0007052861077261,
      1.0007972228517426,
      1.0007052874384086,
      1.0000093187737116,
      1.0000209137458724
    ],
    [
      1.0000530072676703,
      1.0001751425403362,
      1.0005740424757361,
      1.0018557766907794,
      1.005845234725878,
      1.0173788966358568,
      1.044089028100379,
      1.0681142988283627,
      1.0000606239681353,
      1.0002043725753857,
      1.000688979161527,
      1.0023226639127187,
      1.007830175574883,
      1.0263969090598315,
      1.0889895735967905,
      -1.1203644086615325,
      1.0000536516086063,
      1.0001769560185327,
      1.0005789480588356,
      1.001868254430386,
      1.0058737443558607,
      1.017430870631768,
      1.0441376524148358,
      1.0681135414361267,
      1.0000371266555332,
      1.0001155676552191,
      1.0003500972329458,
      1.0010158415831882,
      1.0027414402475678,
      1.0065010412771664,
      1.0121809838468045,
      1.015465020385462,
      1.0000206656526318,
      1.0000593808847327,
      1.0001627054407793,
      1.0004159160690103,
      1.0009586187935713,
      1.0018922062388087,
      1.002985140458383,
      1.0035112967330735,
      1.0000096005485686,
      1.0000252586874978,
      1.0000623948762923,
      1.0001415114245127,
      1.0002859001388191,
      1.0004952491329173,
      1.0007052874384086,
      1.0007972228517426,
      1.000003862265114,
      1.0000093187737116
    ],
    [
      1.0154650203854614,
      1.0121728817213678,
      1.0064865929258622,
      1.0027302646352498,
      1.0010097708339614,
      1.000347346576867,
      1.0001144455613724,
      1.0000366983340092,
      1.0681135414361267,
      1.0441376524148358,
      1.017430870631768,
      1.0058737443558607,
      1.001868254430386,
      1.0005789480588356,
      1.0001769560185327,
      1.0000536516086063,
      -6.040556593613472,
      1.0891459429113752,
      1.0264897584135821,
      1.0078715250541992,
      1.002339032326116,
      1.0006950537752335,
      1.000206536787389,
      1.000061373605865,
      1.0681142988283654,
      1.0441872321659187,
      1.0174833783545447,
      1.0059025444651608,
      1.001880874043008,
      1.000583916890758,
      1.0001787958739714,
      1.0000543064241567,
      1.015465192349599,
      1.0121892371187966,
      1.006515619602663,
      1.0027527165610723,
      1.0010219752911182,
      1.0003528810452629,
      1.0001167052716353,
      1.0000375616782242,
      1.0035112967330735,
      1.002986526097856,
      1.0018954057190164,
      1.0009618372945381,
      1.000418085837603,
      1.0001638673718936,
      1.0000599198995013,
      1.0000208930843408,
      1.0007972317165055,
      1.000705544732333
    ],
    [
      1.0121728817213678,
      1.0154650203854614,
      1.0121728380878687,
      1.0064865929258622,
      1.0027302446145157,
      1.0010097708339614,
      1.0003473436263275,
      1.0001144455613724,
      1.0441376524148358,
      1.0681135414361267,
      1.0441373882486094,
      1.017430870631768,
      1.0058736929693637,
      1.001868254430386,
      1.000578942746639,
      1.0001769560185327,
      1.0891459429113752,
      -6.134136407701532,
      1.0891451015182083,
      1.0264897584135821,
      1.0078714507598696,
      1.002339032326116,
      1.0006950472150804,
      1.000206536787389,
      1.0441872321659187,
      1.0681142988283654,
      1.0441869683139249,
      1.0174833783545447,
      1.005902492912075,
      1.001880874043008,
      1.000583911541164,
      1.0001787958739714,
      1.0121892371187966,
      1.015465192349599,
      1.012189193661048,
      1.006515619602663,
      1.0027526964573577,
      1.0010219752911182,
      1.0003528780580557,
      1.0001167052716353,
      1.002986526097856,
      1.0035112967330735,
      1.0029865187096387,
      1.0018954057190164,
      1.0009618315646127,
      1.000418085837603,
      1.0001638661281844,
      1.0000599198995013,
      1.000705544732333,
      1.0007972317165055
    ],
    [
      1.0064865929258622,
      1.0121728380878687,
      1.0154650203854614,
      1.0121728817213678,
      1.0064865929258622,
      1.0027302646352498,
      1.0010097708339614,
      1.000347346576867,
      1.017430870631768,
      1.0441373882486094,
      1.0681135414361267,
      1.0441376524148358,
      1.017430870631768,
      1.0058737443558607,
      1.001868254430386,
      1.0005789480588356,
      1.0264897584135821,
      1.0891451015182083,
      -1.0699931407407668,
      1.0891459429113752,
      1.0264897584135821,
      1.0078715250541992,
      1.002339032326116,
      1.0006950537752335,
      1.0174833783545447,
      1.0441869683139249,
      1.0681142988283654,
      1.0441872321659187,
      1.0174833783545447,
      1.0059025444651608,
      1.001880874043008,
      1.000583916890758,
      1.006515619602663,
      1.012189193661048,
      1.015465192349599,
      1.0121892371187966,
      1.006515619602663,
      1.0027527165610723,
      1.0010219752911182,
      1.0003528810452629,
      1.0018954057190164,
      1.0029865187096387,
      1.0035112967330735,
      1.002986526097856,
      1.0018954057190164,
      1.0009618372945381,
      1.000418085837603,
      1.0001638673718936,
      1.0004959170206593,
      1.0007055434049685
    ],
    [
      1.0027302646352498,
      1.0064865929258622,
      1.0121728817213678,
      1.0154650203854614,
      1.0121728380878687,
      1.0064865929258622,
      1.0027302446145157,
      1.0010097708339614,
      1.0058737443558607,
      1.017430870631768,
      1.0441376524148358,
      1.0681135414361267,
      1.0441373882486094,
      1.017430870631768,
      1.0058736929693637,
      1.001868254430386,
      1.0078715250541992,
      1.0264897584135821,
      1.0891459429113752,
      -6.1355315203640055,
      1.0891451015182083,
      1.0264897584135821,
      1.0078714507598696,
      1.002339032326116,
      1.0059025444651608,
      1.0174833783545447,
      1.0441872321659187,
      1.0681142988283654,
      1.0441869683139249,
      1.0174833783545447,
      1.005902492912075,
      1.001880874043008,
      1.0027527165610723,
      1.006515619602663,
      1.0121892371187966,
      1.015465192349599,
      1.012189193661048,
      1.006515619602663,
      1.0027526964573577,
      1.0010219752911182,
      1.0009618372945381,
      1.0018954057190164,
      1.002986526097856,
      1.0035112967330735,
      1.0029865187096387,
      1.0018954057190164,
      1.0009618315646127,
      1.000418085837603,
      1.000286696385756,
      1.0004959170206593
    ],
    [
      1.0010097708339614,
      1.0027302446145157,
      1.0064865929258622,
      1.0121728380878687,
      1.0154650203854614,
      1.0121728817213678,
      1.0064865929258622,
      1.0027302646352498,
      1.001868254430386,
      1.0058736929693637,
      1.017430870631768,
      1.0441373882486094,
      1.0681135414361267,
      1.0441376524148358,
      1.017430870631768,
      1.0058737443558607,
      1.002339032326116,
      1.0078714507598696,
      1.0264897584135821,
      1.0891451015182083,
      -1.0762780182999165,
      1.0891459429113752,
      1.0264897584135821,
      1.0078715250541992,
      1.001880874043008,
      1.005902492912075,
      1.0174833783545447,
      1.0441869683139249,
      1.0681142988283654,
      1.0441872321659187,
      1.0174833783545447,
      1.0059025444651608,
      1.0010219752911182,
      1.0027526964573577,
      1.006515619602663,
      1.012189193661048,
      1.015465192349599,
      1.0121892371187966,
      1.006515619602663,
      1.0027527165610723,
      1.000418085837603,
      1.0009618315646127,
      1.0018954057190164,
      1.0029865187096387,
      1.0035112967330735,
      1.002986526097856,
      1.0018954057190164,
      1.0009618372945381,
      1.0001421473967305,
      1.0002866949772202
    ],
    [
      1.000347346576867,
      1.0010097708339614,
      1.0027302646352498,
      1.0064865929258622,
      1.0121728817213678,
      1.0154650203854614,
      1.0121728380878687,
      1.0064865929258622,
      1.0005789480588356,
      1.001868254430386,
      1.0058737443558607,
      1.017430870631768,
      1.0441376524148358,
      1.0681135414361267,
      1.0441373882486094,
      1.017430870631768,
      1.0006950537752335,
      1.002339032326116,
      1.0078715250541992,
      1.0264897584135821,
      1.0891459429113752,
      -1.1393589007514908,
      1.0891451015182083,
      1.0264897584135821,
      1.000583916890758,
      1.001880874043008,
      1.0059025444651608,
      1.0174833783545447,
      1.0441872321659187,
      1.0681142988283654,
      1.0441869683139249,
      1.0174833783545447,
      1.0003528810452629,
      1.0010219752911182,
      1.0027527165610723,
      1.006515619602663,
      1.0121892371187966,
      1.015465192349599,
      1.012189193661048,
      1.006515619602663,
      1.0001638673718936,
      1.000418085837603,
      1.0009618372945381,
      1.0018954057190164,
      1.002986526097856,
      1.0035112967330735,
      1.0029865187096387,
      1.0018954057190164,
      1.0000627908216042,
      1.0001421473967305
    ],
    [
      1.0001144455613724,
      1.0003473436263275,
      1.0010097708339614,
      1.0027302446145157,
      1.0064865929258622,
      1.0121728380878687,
      1.0154650203854614,
      1.0121728817213678,
      1.0001769560185327,
      1.000578942746639,
      1.001868254430386,
      1.0058736929693637,
      1.017430870631768,
      1.0441373882486094,
      1.0681135414361267,
      1.0441376524148358,
      1.000206536787389,
      1.0006950472150804,
      1.002339032326116,
      1.0078714507598696,
      1.0264897584135821,
      1.0891451015182083,
      -1.0096341381351,
      1.0891459429113752,
      1.0001787958739714,
      1.000583911541164,
      1.001880874043008,
      1.005902492912075,
      1.0174833783545447,
      1.0441869683139249,
      1.0681142988283654,
      1.0441872321659187,
      1.0001167052716353,
      1.0003528780580557,
      1.0010219752911182,
      1.0027526964573577,
      1.006515619602663,
      1.012189193661048,
      1.015465192349599,
      1.0121892371187966,
      1.0000599198995013,
      1.0001638661281844,
      1.000418085837603,
      1.0009618315646127,
      1.0018954057190164,
      1.0029865187096387,
      1.0035112967330735,
      1.002986526097856,
      1.0000254673881133,
      1.0000627903996204
    ],
    [
      1.0000366983340092,
      1.0001144455613724,
      1.000347346576867,
      1.0010097708339614,
      1.0027302646352498,
      1.0064865929258622,
      1.0121728817213678,
      1.0154650203854614,
      1.0000536516086063,
      1.0001769560185327,
      1.0005789480588356,
      1.001868254430386,
      1.0058737443558607,
      1.017430870631768,
      1.0441376524148358,
      1.0681135414361267,
      1.000061373605865,
      1.000206536787389,
      1.0006950537752335,
      1.002339032326116,
      1.0078715250541992,
      1.0264897584135821,
      1.0891459429113752,
      -1.132054512135686,
      1.0000543064241567,
      1.0001787958739714,
      1.000583916890758,
      1.001880874043008,
      1.0059025444651608,
      1.0174833783545447,
      1.0441872321659187,
      1.0681142988283654,
      1.0000375616782242,
      1.0001167052716353,
      1.0003528810452629,
      1.0010219752911182,
      1.0027527165610723,
      1.006515619602663,
      1.0121892371187966,
      1.015465192349599,
      1.0000208930843408,
      1.0000599198995013,
      1.0001638673718936,
      1.000418085837603,
      1.0009618372945381,
      1.0018954057190164,
      1.002986526097856,
      1.0035112967330735,
      1.000009698504184,
      1.0000254673881133
    ],
    [
      1.0035112967330735,
      1.0029837587553583,
      1.0018890204905049,
      1.0009554202187476,
      1.0004137641609208,
      1.0001615554507672,
      1.0000588484911597,
      1.0000204414607028,
      1.015465020385462,
      1.0121809838468045,
      1.0065010412771664,
      1.0027414402475678,
      1.0010158415831882,
      1.0003500972329458,
      1.0001155676552191,
      1.0000371266555332,
      1.0681142988283654,
      1.0441872321659187,
      1.0174833783545447,
      1.0059025444651608,
      1.001880874043008,
      1.000583916890758,
      1.0001787958739714,
      1.0000543064241567,
      -5.890064270078479,
      1.0893031726833473,
      1.0265832830492945,
      1.0079132485865423,
      1.002355577887289,
      1.0007012049416033,
      1.0002087321310331,
      1.0000621353656638,
      1.0681142988283627,
      1.044236627837381,
      1.0175361181149045,
      1.0059315630201366,
      1.0018936186865866,
      1.0005889451662398,
      1.0001806613176871,
      1.000054971584647,
      1.0154650203854607,
      1.0121972649915523,
      1.0065301596651948,
      1.0027640359666046,
      1.0010281546665247,
      1.0003556932044482,
      1.0001178571531928,
      1.000038003096825,
      1.0035112967330733,
      1.0029879156288184
    ],
    [
      1.0029837587553583,
      1.0035112967330735,
      1.0029837513324475,
      1.0018890204905049,
      1.0009554145005342,
      1.0004137641609208,
      1.0001615542197848,
      1.0000588484911597,
      1.0121809838468045,
      1.015465020385462,
      1.0121809403012842,
      1.0065010412771664,
      1.002741420185486,
      1.0010158415831882,
      1.0003500942641637,
      1.0001155676552191,
      1.0441872321659187,
      1.0681142988283654,
      1.0441869683139249,
      1.0174833783545447,
      1.005902492912075,
      1.001880874043008,
      1.000583911541164,
      1.0001787958739714,
      1.0893031726833473,
      -6.0838226826555815,
      1.0893023310301555,
      1.0265832830492945,
      1.0079131740068685,
      1.002355577887289,
      1.000701198333004,
      1.0002087321310331,
      1.044236627837381,
      1.0681142988283627,
      1.044236364305294,
      1.0175361181149045,
      1.0059315112997742,
      1.0018936186865866,
      1.000588939778878,
      1.0001806613176871,
      1.0121972649915523,
      1.0154650203854607,
      1.012197221623128,
      1.0065301596651948,
      1.0027640158214883,
      1.0010281546665247,
      1.0003556901986825,
      1.0001178571531928,
      1.0029879156288184,
      1.0035112967330733
    ],
    [
      1.0018890204905049,
      1.0029837513324475,
      1.0035112967330735,
      1.0029837587553583,
      1.0018890204905049,
      1.0009554202187476,
      1.0004137641609208,
      1.0001615554507672,
      1.0065010412771664,
      1.0121809403012842,
      1.015465020385462,
      1.0121809838468045,
      1.0065010412771664,
      1.0027414402475678,
      1.0010158415831882,
      1.0003500972329458,
      1.0174833783545447,
      1.0441869683139249,
      1.0681142988283654,
      1.0441872321659187,
      1.0174833783545447,
      1.0059025444651608,
      1.001880874043008,
      1.000583916890758,
      1.0265832830492945,
      1.0893023310301555,
      -1.0916202741005065,
      1.0893031726833473,
      1.0265832830492945,
      1.0079132485865423,
      1.002355577887289,
      1.0007012049416033,
      1.0175361181149045,
      1.044236364305294,
      1.0681142988283627,
      1.044236627837381,
      1.0175361181149045,
      1.0059315630201366,
      1.0018936186865866,
      1.0005889451662398,
      1.0065301596651948,
      1.012197221623128,
      1.0154650203854607,
      1.0121972649915523,
      1.0065301596651948,
      1.0027640359666046,
      1.0010281546665247,
      1.0003556932044482,
      1.00189861887332,
      1.0029879082580386
    ],
    [
      1.0009554202187476,
      1.0018890204905049,
      1.0029837587553583,
      1.0035112967330735,
      1.0029837513324475,
      1.0018890204905049,
      1.0009554145005342,
      1.0004137641609208,
      1.0027414402475678,
      1.0065010412771664,
      1.0121809838468045,
      1.015465020385462,
      1.0121809403012842,
      1.0065010412771664,
      1.002741420185486,
      1.0010158415831882,
      1.0059025444651608,
      1.0174833783545447,
      1.0441872321659187,
      1.0681142988283654,
      1.0441869683139249,
      1.0174833783545447,
      1.005902492912075,
      1.001880874043008,
      1.0079132485865423,
      1.0265832830492945,
      1.0893031726833473,
      -0.9953709203706307,
      1.0893023310301555,
      1.0265832830492945,
      1.0079131740068685,
      1.002355577887289,
      1.0059315630201366,
      1.0175361181149045,
      1.044236627837381,
      1.0681142988283627,
      1.044236364305294,
      1.0175361181149045,
      1.0059315112997742,
      1.0018936186865866,
      1.0027640359666046,
      1.0065301596651948,
      1.0121972649915523,
      1.0154650203854607,
      1.012197221623128,
      1.0065301596651948,
      1.0027640158214883,
      1.0010281546665247,
      1.0009650757478519,
      1.00189861887332
    ],
    [
      1.0004137641609208,
      1.0009554145005342,
      1.0018890204905049,
      1.0029837513324475,
      1.0035112967330735,
      1.0029837587553583,
      1.0018890204905049,
      1.0009554202187476,
      1.0010158415831882,
      1.002741420185486,
      1.0065010412771664,
      1.0121809403012842,
      1.015465020385462,
      1.0121809838468045,
      1.0065010412771664,
      1.0027414402475678,
      1.001880874043008,
      1.005902492912075,
      1.0174833783545447,
      1.0441869683139249,
      1.0681142988283654,
      1.0441872321659187,
      1.0174833783545447,
      1.0059025444651608,
      1.002355577887289,
      1.0079131740068685,
      1.0265832830492945,
      1.0893023310301555,
      -1.0905109607037877,
      1.0893031726833473,
      1.0265832830492945,
      1.0079132485865423,
      1.0018936186865866,
      1.0059315112997742,
      1.0175361181149045,
      1.044236364305294,
      1.0681142988283627,
      1.044236627837381,
      1.0175361181149045,
      1.0059315630201366,
      1.0010281546665247,
      1.0027640158214883,
      1.0065301596651948,
      1.012197221623128,
      1.0154650203854607,
      1.0121972649915523,
      1.0065301596651948,
      1.0027640359666046,
      1.0004202735649352,
      1.0009650700120922
    ],
    [
      1.0001615554507672,
      1.0004137641609208,
      1.0009554202187476,
      1.0018890204905049,
      1.0029837587553583,
      1.0035112967330735,
      1.0029837513324475,
      1.0018890204905049,
      1.0003500972329458,
      1.0010158415831882,
      1.0027414402475678,
      1.0065010412771664,
      1.0121809838468045,
      1.015465020385462,
      1.0121809403012842,
      1.0065010412771664,
      1.000583916890758,
      1.001880874043008,
      1.0059025444651608,
      1.0174833783545447,
      1.0441872321659187,
      1.0681142988283654,
      1.0441869683139249,
      1.0174833783545447,
      1.0007012049416033,
      1.002355577887289,
      1.0079132485865423,
      1.0265832830492945,
      1.0893031726833473,
      -0.9586098551182634,
      1.0893023310301555,
      1.0265832830492945,
      1.0005889451662398,
      1.0018936186865866,
      1.0059315630201366,
      1.0175361181149045,
      1.044236627837381,
      1.0681142988283627,
      1.044236364305294,
      1.0175361181149045,
      1.0003556932044482,
      1.0010281546665247,
      1.0027640359666046,
      1.0065301596651948,
      1.0121972649915523,
      1.0154650203854607,
      1.012197221623128,
      1.0065301596651948,
      1.0001650413504704,
      1.0004202735649352
    ],
    [
      1.0000588484911597,
      1.0001615542197848,
